 145 144 332 1
 143 145 288 1
 293 160 541 1
 160 480 541 1
 522 440 527 1
 478 150 530 1
 270 322 362 1
 385 478 530 1
 479 382 526 1
 192 506 555 1
 165 141 418 1
 461 448 516 1
 506 407 555 1
 361 502 539 1
 419 420 466 1
 428 398 507 1
 427 399 586 1
 435 297 486 1
 360 361 539 1
 398 428 540 1
 158 394 413 1
 460 397 530 1
 150 460 530 1
 388 317 519 1
 201 199 215 1
 381 537 573 1
 374 399 427 1
 362 322 572 1
 344 522 527 1
 317 381 519 1
 557 384 569 1
 190 429 430 1
 308 547 557 1
 526 528 578 1
 383 384 557 1
 134 408 452 1
 215 136 432 1
 299 405 410 1
 361 270 362 1
 191 165 418 1
 394 158 435 1
 280 352 360 1
 405 299 541 1
 300 409 481 1
 151 479 526 1
 280 360 540 1
 190 189 429 1
 526 333 528 1
 408 134 453 1
 306 186 417 1
 294 280 540 1
 201 215 221 1
 352 270 361 1
 353 299 410 1
 518 381 573 1
 161 369 536 1
 408 297 435 1
 441 161 536 1
 523 186 546 1
 199 39 215 1
 391 523 546 1
 280 260 352 1
 331 308 557 1
 439 461 516 1
 419 226 420 1
 443 341 484 1
 281 344 471 1
 309 538 547 1
 227 226 419 1
 336 400 402 1
 305 462 580 1
 462 412 580 1
 354 431 514 1
 221 215 432 1
 314 288 389 1
 436 163 542 1
 417 186 523 1
 437 156 564 1
 163 409 542 1
 336 335 400 1
 431 354 433 1
 384 353 411 1
 272 288 314 1
 421 422 425 1
 366 373 586 1
 369 366 586 1
 282 281 471 1
 223 228 421 1
 394 435 486 1
 537 198 573 1
 353 410 411 1
 156 535 564 1
 373 427 586 1
 330 298 453 1
 141 379 418 1
 196 139 414 1
 439 516 534 1
 136 190 432 1
 409 327 481 1
 478 385 535 1
 455 454 504 1
 156 478 535 1
 538 401 547 1
 408 435 452 1
 279 274 514 1
 341 443 521 1
 183 425 545 1
 382 479 575 1
 163 327 409 1
 379 162 392 1
 425 183 570 1
 139 34 414 1
 298 408 453 1
 163 42 327 1
 30 162 379 1
 313 449 450 1
 334 324 403 1
 400 314 401 1
 456 439 534 1
 424 483 545 1
 292 160 293 1
 312 230 447 1
 57 160 292 1
 421 228 422 1
 194 197 549 1
 409 300 499 1
 238 314 400 1
 391 546 566 1
 450 449 451 1
 197 194 573 1
 299 293 541 1
 497 391 566 1
 427 294 428 1
 147 294 427 1
 37 36 189 1
 428 507 552 1
 428 294 540 1
 395 312 447 1
 547 389 557 1
 48 49 260 1
 67 66 452 1
 425 422 545 1
 226 223 421 1
 454 453 504 1
 357 359 530 1
 330 453 454 1
 197 196 549 1
 426 221 433 1
 495 496 555 1
 528 454 578 1
 195 198 429 1
 381 518 519 1
 66 134 452 1
 74 73 457 1
 331 557 569 1
 65 64 504 1
 286 305 416 1
 190 430 431 1
 440 148 527 1
 448 449 516 1
 456 326 548 1
 549 196 588 1
 311 434 465 1
 305 284 462 1
 270 137 322 1
 201 221 426 1
 471 344 527 1
 164 141 165 1
 360 352 361 1
 36 173 189 1
 318 279 514 1
 138 442 443 1
 230 231 447 1
 274 354 514 1
 422 424 545 1
 138 15 442 1
 434 377 580 1
 453 134 504 1
 49 258 260 1
 373 147 427 1
 335 238 400 1
 135 345 404 1
 74 457 458 1
 149 438 439 1
 403 324 509 1
 146 147 373 1
 185 238 335 1
 336 402 403 1
 303 416 417 1
 134 65 504 1
 445 444 446 1
 244 450 451 1
 173 195 429 1
 164 166 414 1
 377 434 466 1
 158 67 452 1
 32 141 164 1
 39 38 215 1
 40 39 199 1
 420 226 421 1
 36 35 173 1
 34 33 414 1
 42 41 327 1
 31 30 379 1
 476 250 491 1
 203 300 481 1
 258 270 352 1
 51 52 310 1
 49 50 258 1
 149 72 438 1
 45 46 366 1
 56 57 292 1
 397 357 530 1
 20 148 440 1
 457 456 548 1
 426 433 464 1
 138 444 445 1
 27 441 473 1
 159 445 446 1
 449 313 516 1
 236 244 451 1
 379 392 418 1
 158 413 593 1
 345 440 522 1
 214 213 463 1
 376 377 466 1
 73 149 457 1
 356 446 551 1
 196 414 588 1
 422 228 423 1
 443 484 587 1
 496 192 555 1
 311 419 466 1
 25 152 529 1
 322 336 572 1
 218 214 463 1
 388 519 597 1
 407 506 553 1
 363 477 493 1
 240 250 476 1
 200 203 481 1
 439 438 461 1
 454 455 578 1
 359 385 530 1
 485 476 491 1
 467 22 498 1
 308 309 547 1
 384 411 585 1
 477 248 493 1
 414 166 588 1
 190 431 432 1
 10 150 478 1
 234 311 465 1
 138 443 444 1
 446 356 589 1
 189 173 429 1
 164 165 166 1
 17 18 135 1
 70 69 133 1
 260 258 352 1
 412 434 580 1
 284 269 462 1
 295 411 532 1
 232 227 419 1
 434 311 466 1
 434 251 465 1
 70 133 396 1
 469 467 498 1
 438 396 461 1
 340 348 484 1
 135 18 345 1
 346 391 497 1
 72 71 438 1
 68 67 158 1
 78 77 153 1
 25 26 152 1
 19 20 440 1
 250 242 475 1
 446 444 551 1
 14 138 445 1
 12 13 159 1
 250 475 490 1
 307 412 462 1
 422 423 424 1
 420 421 425 1
 79 355 480 1
 64 455 504 1
 79 78 355 1
 269 249 462 1
 78 153 355 1
 157 60 436 1
 8 156 437 1
 71 70 396 1
 522 344 571 1
 14 15 138 1
 66 65 134 1
 432 431 433 1
 80 79 480 1
 355 153 405 1
 162 437 564 1
 8 9 156 1
 61 60 157 1
 166 165 167 1
 27 28 441 1
 23 24 155 1
 76 75 154 1
 475 320 490 1
 18 19 345 1
 73 72 149 1
 20 21 148 1
 75 74 458 1
 7 8 437 1
 60 59 436 1
 447 264 448 1
 307 251 412 1
 474 341 521 1
 372 386 387 1
 16 17 342 1
 390 135 404 1
 405 153 406 1
 217 219 472 1
 243 251 307 1
 281 269 283 1
 372 370 386 1
 237 234 465 1
 219 229 472 1
 283 269 284 1
 412 251 434 1
 268 249 269 1
 212 210 213 1
 177 176 178 1
 212 213 214 1
 175 174 176 1
 217 214 218 1
 251 241 465 1
 179 178 180 1
 217 218 219 1
 211 210 212 1
 468 470 471 1
 208 209 210 1
 249 307 462 1
 443 442 521 1
 154 458 459 1
 265 313 450 1
 278 315 316 1
 179 180 181 1
 267 329 489 1
 216 214 217 1
 393 312 395 1
 368 372 374 1
 175 176 177 1
 172 174 175 1
 177 178 179 1
 172 171 174 1
 231 264 447 1
 249 246 307 1
 301 302 333 1
 176 174 187 1
 208 207 209 1
 297 252 486 1
 166 167 168 1
 252 217 472 1
 468 471 527 1
 46 47 146 1
 55 56 144 1
 254 265 450 1
 57 58 160 1
 44 45 161 1
 219 224 229 1
 316 315 510 1
 248 246 249 1
 219 218 223 1
 346 339 391 1
 225 204 520 1
 206 208 343 1
 181 180 182 1
 206 207 208 1
 303 286 416 1
 200 201 202 1
 140 199 200 1
 193 181 483 1
 301 225 302 1
 209 220 222 1
 222 274 278 1
 273 262 485 1
 349 347 350 1
 349 350 351 1
 278 279 315 1
 271 262 273 1
 15 16 442 1
 229 230 312 1
 167 165 191 1
 41 40 140 1
 32 31 141 1
 368 370 372 1
 208 210 211 1
 140 40 199 1
 372 387 399 1
 468 469 470 1
 246 243 307 1
 200 199 201 1
 315 317 388 1
 320 323 490 1
 309 273 328 1
 283 284 285 1
 203 204 225 1
 319 312 393 1
 271 273 308 1
 179 181 193 1
 255 257 320 1
 259 275 277 1
 50 51 137 1
 329 330 415 1
 340 339 346 1
 41 140 327 1
 38 136 215 1
 308 273 309 1
 204 202 205 1
 46 146 366 1
 141 31 379 1
 320 257 321 1
 277 275 398 1
 209 207 220 1
 219 223 224 1
 175 177 188 1
 252 472 486 1
 33 32 164 1
 300 225 301 1
 168 167 169 1
 349 351 356 1
 195 196 197 1
 170 172 194 1
 338 337 339 1
 171 169 192 1
 195 139 196 1
 202 201 426 1
 53 54 235 1
 52 53 185 1
 320 321 323 1
 255 256 257 1
 33 164 414 1
 206 205 207 1
 245 247 255 1
 195 197 198 1
 290 291 295 1
 366 146 373 1
 248 249 268 1
 173 139 195 1
 212 214 216 1
 35 139 173 1
 181 183 483 1
 241 237 465 1
 222 220 274 1
 268 269 281 1
 216 217 252 1
 365 367 368 1
 348 347 349 1
 35 34 139 1
 323 321 324 1
 323 324 334 1
 324 321 325 1
 38 37 136 1
 338 339 340 1
 257 256 259 1
 340 346 347 1
 170 171 172 1
 278 274 279 1
 255 247 256 1
 203 202 204 1
 265 289 313 1
 203 225 300 1
 9 10 478 1
 263 262 271 1
 315 279 317 1
 290 266 291 1
 394 393 413 1
 329 298 330 1
 229 312 319 1
 240 242 250 1
 168 169 170 1
 356 351 357 1
 371 367 503 1
 304 303 337 1
 200 202 203 1
 276 364 365 1
 243 241 251 1
 167 191 506 1
 281 283 344 1
 184 375 376 1
 286 284 305 1
 244 254 450 1
 54 55 143 1
 47 48 142 1
 285 284 286 1
 266 263 500 1
 356 357 397 1
 170 169 171 1
 239 237 240 1
 234 232 311 1
 259 261 275 1
 271 308 331 1
 204 205 206 1
 236 237 239 1
 378 358 407 1
 187 174 496 1
 287 286 303 1
 262 253 485 1
 304 337 338 1
 10 11 150 1
 63 62 151 1
 276 261 363 1
 245 246 247 1
 223 218 228 1
 376 375 377 1
 357 351 358 1
 274 220 354 1
 240 241 242 1
 242 243 245 1
 240 237 241 1
 365 364 367 1
 259 256 261 1
 317 318 381 1
 30 29 162 1
 43 42 163 1
 380 378 487 1
 254 253 262 1
 159 13 445 1
 276 363 364 1
 368 367 370 1
 182 180 186 1
 301 333 382 1
 275 261 276 1
 236 234 237 1
 229 319 472 1
 317 279 318 1
 182 186 306 1
 300 301 499 1
 340 347 348 1
 63 151 455 1
 242 241 243 1
 359 378 380 1
 247 246 248 1
 285 286 287 1
 245 243 246 1
 254 262 263 1
 254 263 265 1
 287 303 304 1
 229 224 230 1
 359 380 385 1
 22 23 498 1
 387 386 577 1
 359 358 378 1
 357 358 359 1
 236 239 244 1
 265 263 266 1
 319 393 394 1
 244 239 253 1
 370 367 371 1
 304 338 341 1
 265 266 289 1
 289 266 290 1
 231 232 233 1
 184 182 306 1
 231 227 232 1
 289 290 326 1
 267 298 329 1
 233 234 236 1
 233 232 234 1
 244 253 254 1
 263 271 500 1
 267 252 297 1
 13 14 445 1
 268 281 282 1
 150 11 460 1
 472 319 486 1
 291 266 500 1
 184 306 375 1
 154 75 458 1
 298 297 408 1
 224 227 230 1
 405 406 410 1
 230 227 231 1
 267 297 298 1
 231 233 264 1
 205 202 426 1
 461 396 561 1
 216 252 267 1
 191 418 487 1
 304 341 474 1
 364 363 505 1
 319 394 486 1
 468 467 469 1
 363 261 477 1
 169 167 506 1
 302 225 520 1
 342 135 390 1
 323 334 492 1
 328 273 485 1
 204 206 520 1
 247 248 477 1
 518 517 519 1
 287 304 474 1
 406 153 512 1
 23 155 498 1
 325 321 501 1
 387 577 583 1
 250 490 491 1
 334 403 591 1
 261 256 477 1
 242 245 475 1
 367 364 503 1
 494 346 497 1
 301 382 499 1
 255 320 475 1
 363 493 505 1
 256 247 477 1
 271 331 500 1
 233 236 451 1
 228 218 463 1
 502 361 574 1
 149 439 456 1
 17 135 342 1
 21 22 467 1
 153 77 512 1
 328 485 491 1
 435 158 452 1
 338 340 484 1
 211 212 489 1
 192 169 506 1
 492 334 524 1
 213 210 513 1
 449 264 451 1
 68 158 593 1
 64 63 455 1
 483 424 544 1
 315 388 510 1
 416 375 602 1
 11 12 460 1
 216 267 489 1
 248 268 493 1
 245 255 475 1
 384 383 554 1
 321 257 501 1
 469 498 511 1
 347 346 494 1
 148 467 468 1
 374 372 399 1
 149 456 457 1
 207 205 464 1
 156 9 478 1
 210 209 513 1
 417 416 602 1
 174 171 496 1
 503 364 505 1
 61 157 479 1
 208 211 343 1
 551 444 587 1
 148 468 527 1
 239 240 476 1
 220 207 464 1
 179 193 488 1
 212 216 489 1
 375 416 558 1
 350 494 495 1
 140 200 481 1
 253 476 485 1
 259 277 501 1
 328 492 524 1
 206 343 520 1
 342 390 521 1
 71 396 438 1
 205 426 464 1
 151 62 479 1
 463 213 482 1
 276 365 507 1
 194 517 518 1
 326 456 534 1
 188 177 488 1
 12 159 460 1
 148 21 467 1
 423 228 463 1
 306 417 602 1
 341 338 484 1
 26 27 473 1
 345 19 440 1
 324 325 509 1
 172 175 517 1
 350 495 508 1
 257 259 501 1
 16 342 442 1
 329 415 525 1
 407 358 508 1
 358 351 508 1
 76 154 512 1
 328 491 492 1
 350 347 494 1
 268 282 493 1
 482 213 513 1
 490 323 492 1
 175 188 517 1
 194 172 517 1
 264 233 451 1
 209 222 513 1
 398 275 507 1
 351 350 508 1
 498 155 511 1
 447 448 598 1
 77 76 512 1
 24 25 529 1
 354 220 464 1
 423 463 482 1
 403 402 591 1
 344 283 571 1
 275 276 507 1
 177 179 488 1
 404 345 522 1
 493 282 505 1
 289 326 534 1
 253 239 476 1
 448 461 598 1
 491 490 492 1
 496 495 600 1
 62 61 479 1
 448 264 449 1
 397 460 589 1
 285 559 571 1
 483 183 545 1
 413 133 593 1
 564 535 592 1
 382 333 526 1
 327 140 481 1
 278 316 515 1
 411 410 532 1
 416 305 558 1
 424 423 550 1
 325 501 502 1
 309 328 524 1
 171 192 496 1
 330 454 528 1
 343 211 525 1
 480 355 541 1
 58 4 567 1
 186 180 546 1
 2 44 568 1
 482 513 515 1
 152 26 473 1
 461 561 598 1
 381 318 537 1
 406 512 533 1
 29 1 563 1
 3 43 565 1
 559 404 571 1
 442 342 521 1
 299 353 556 1
 473 441 536 1
 479 157 575 1
 1 7 563 1
 59 3 565 1
 4 80 567 1
 395 447 598 1
 28 2 568 1
 211 489 525 1
 353 384 554 1
 282 471 579 1
 349 356 551 1
 170 194 549 1
 391 339 523 1
 469 511 594 1
 489 329 525 1
 460 159 589 1
 430 429 601 1
 133 413 562 1
 290 295 560 1
 516 313 534 1
 155 24 529 1
 183 184 570 1
 222 278 515 1
 176 187 566 1
 339 337 523 1
 537 318 599 1
 415 330 528 1
 444 443 587 1
 507 365 552 1
 356 397 589 1
 511 371 594 1
 459 458 548 1
 390 474 521 1
 302 520 531 1
 410 406 532 1
 513 222 515 1
 368 374 552 1
 361 362 574 1
 343 525 531 1
 386 370 596 1
 536 576 583 1
 353 554 556 1
 337 303 417 1
 295 532 581 1
 187 496 600 1
 291 500 569 1
 285 287 559 1
 517 188 519 1
 501 277 502 1
 487 378 553 1
 313 289 534 1
 470 503 579 1
 191 487 553 1
 455 151 578 1
 554 332 556 1
 332 296 556 1
 532 406 533 1
 385 380 535 1
 525 415 531 1
 560 295 581 1
 433 354 464 1
 520 343 531 1
 291 569 585 1
 437 162 563 1
 163 436 565 1
 187 497 566 1
 155 529 543 1
 429 198 601 1
 459 548 560 1
 311 232 419 1
 133 69 593 1
 543 529 577 1
 418 392 592 1
 151 526 578 1
 360 539 540 1
 494 497 600 1
 157 436 542 1
 480 160 567 1
 194 518 573 1
 161 441 568 1
 515 316 550 1
 503 505 579 1
 193 483 544 1
 512 154 533 1
 471 470 579 1
 400 401 582 1
 154 459 533 1
 458 457 548 1
 180 178 546 1
 503 470 594 1
 378 407 553 1
 430 537 599 1
 411 295 585 1
 402 400 582 1
 295 291 585 1
 482 515 550 1
 375 306 602 1
 221 432 433 1
 355 405 541 1
 511 155 543 1
 371 503 594 1
 309 524 538 1
 337 417 523 1
 497 187 600 1
 168 170 549 1
 193 544 584 1
 423 482 550 1
 383 332 554 1
 544 510 584 1
 348 349 551 1
 159 446 589 1
 409 499 542 1
 543 386 596 1
 431 430 599 1
 287 474 559 1
 377 375 558 1
 506 191 553 1
 392 162 564 1
 529 152 577 1
 404 522 571 1
 546 178 566 1
 508 495 555 1
 424 550 595 1
 296 299 556 1
 160 58 567 1
 44 161 568 1
 535 380 592 1
 162 29 563 1
 43 163 565 1
 348 551 587 1
 510 388 584 1
 576 387 583 1
 365 368 552 1
 386 543 577 1
 168 549 588 1
 198 197 573 1
 336 403 572 1
 277 398 539 1
 407 508 555 1
 528 333 590 1
 178 176 566 1
 390 404 559 1
 548 326 560 1
 326 290 560 1
 396 133 561 1
 7 437 563 1
 436 59 565 1
 80 480 567 1
 441 28 568 1
 484 348 587 1
 473 536 583 1
 316 510 595 1
 283 285 571 1
 333 302 590 1
 577 152 583 1
 514 431 599 1
 500 331 569 1
 325 502 574 1
 569 384 585 1
 184 376 570 1
 302 531 590 1
 399 387 576 1
 539 398 540 1
 487 418 592 1
 69 68 593 1
 499 382 575 1
 403 509 572 1
 413 393 562 1
 393 395 562 1
 166 168 588 1
 584 388 597 1
 402 538 591 1
 502 277 539 1
 459 560 581 1
 488 193 584 1
 380 487 592 1
 509 325 574 1
 470 469 594 1
 370 371 596 1
 505 282 579 1
 532 533 581 1
 495 494 600 1
 188 488 597 1
 371 511 596 1
 536 369 576 1
 531 415 590 1
 395 561 562 1
 318 514 599 1
 533 459 581 1
 152 473 583 1
 576 369 586 1
 392 564 592 1
 524 334 591 1
 474 390 559 1
 538 524 591 1
 415 528 590 1
 519 188 597 1
 157 542 575 1
 542 499 575 1
 488 584 597 1
 550 316 595 1
 561 133 562 1
 510 544 595 1
 538 402 582 1
 511 543 596 1
 399 576 586 1
 198 537 601 1
 377 558 580 1
 558 305 580 1
 537 430 601 1
 561 395 598 1
 362 509 574 1
 401 538 582 1
 544 424 595 1
 509 362 572 1
 310 52 335 1
 56 292 296 1
 181 182 184 1
 223 226 227 1
 136 37 190 1
 37 189 190 1
 161 45 369 1
 45 366 369 1
 47 142 147 1
 146 47 147 1
 142 48 280 1
 48 260 280 1
 50 137 270 1
 258 50 270 1
 137 51 322 1
 51 310 322 1
 52 185 335 1
 185 53 238 1
 53 235 238 1
 54 143 272 1
 235 54 272 1
 143 55 145 1
 55 144 145 1
 144 56 296 1
 147 142 294 1
 142 280 294 1
 272 143 288 1
 144 296 332 1
 288 145 383 1
 145 332 383 1
 183 181 184 1
 224 223 227 1
 238 235 314 1
 235 272 314 1
 288 383 557 1
 389 288 557 1
 292 293 299 1
 296 292 299 1
 322 310 336 1
 310 335 336 1
 314 389 547 1
 401 314 547 1
 374 427 552 1
 425 376 466 1
 376 425 570 1
 420 425 466 1
 427 428 552 1
 608 841 801 2
 756 826 736 2
 606 944 780 2
 825 866 606 2
 780 825 606 2
 612 874 769 2
 806 899 800 2
 769 896 612 2
 630 634 109 2
 826 866 825 2
 637 891 641 2
 631 635 82 2
 782 794 614 2
 109 634 110 2
 813 948 808 2
 808 899 806 2
 82 635 81 2
 609 882 777 2
 622 829 820 2
 930 948 813 2
 777 915 609 2
 781 858 773 2
 756 958 826 2
 639 891 637 2
 725 858 781 2
 655 879 813 2
 841 902 801 2
 886 894 881 2
 822 904 617 2
 794 817 614 2
 652 816 650 2
 734 857 740 2
 813 816 655 2
 836 945 835 2
 614 843 782 2
 784 786 785 2
 685 903 839 2
 637 641 640 2
 622 908 829 2
 750 945 836 2
 811 923 814 2
 926 951 607 2
 736 826 738 2
 780 944 787 2
 630 636 634 2
 860 912 628 2
 876 906 755 2
 786 912 860 2
 921 952 776 2
 783 855 610 2
 862 943 623 2
 755 946 876 2
 776 952 775 2
 607 951 889 2
 729 785 760 2
 801 918 608 2
 631 851 635 2
 655 816 652 2
 814 927 811 2
 610 854 783 2
 786 929 785 2
 617 898 822 2
 885 943 862 2
 847 926 893 2
 775 857 734 2
 781 906 725 2
 707 784 721 2
 904 911 617 2
 946 964 783 2
 820 852 622 2
 768 911 904 2
 839 928 685 2
 637 640 626 2
 784 785 721 2
 797 818 807 2
 674 830 619 2
 827 828 709 2
 816 818 650 2
 610 963 842 2
 738 825 819 2
 819 848 738 2
 855 963 610 2
 893 926 607 2
 710 827 709 2
 638 943 639 2
 740 857 856 2
 823 824 743 2
 783 964 855 2
 861 862 615 2
 777 882 746 2
 625 886 822 2
 727 878 726 2
 743 824 763 2
 773 954 781 2
 611 857 840 2
 721 785 729 2
 625 894 886 2
 714 823 743 2
 21 915 854 2
 909 922 759 2
 851 933 828 2
 805 949 937 2
 779 915 777 2
 706 836 835 2
 656 796 791 2
 656 797 796 2
 746 878 727 2
 764 821 744 2
 830 831 619 2
 668 847 616 2
 761 922 909 2
 787 944 118 2
 841 935 817 2
 656 818 797 2
 692 849 698 2
 738 826 825 2
 639 943 885 2
 128 843 127 2
 807 818 816 2
 626 640 130 2
 127 843 614 2
 647 835 685 2
 817 902 841 2
 819 869 848 2
 611 840 16 2
 765 838 730 2
 627 931 908 2
 656 791 646 2
 937 949 704 2
 828 931 851 2
 684 784 707 2
 800 925 806 2
 118 939 787 2
 797 806 803 2
 881 894 633 2
 691 849 692 2
 797 803 796 2
 709 830 674 2
 630 638 636 2
 762 852 820 2
 610 842 23 2
 748 903 750 2
 821 904 822 2
 844 850 14 2
 718 788 748 2
 846 856 850 2
 846 850 844 2
 745 757 756 2
 113 767 629 2
 744 821 745 2
 885 890 639 2
 839 903 788 2
 124 608 123 2
 669 865 667 2
 672 865 669 2
 879 930 813 2
 849 869 698 2
 634 947 132 2
 646 791 644 2
 645 835 647 2
 701 867 703 2
 827 829 828 2
 770 874 612 2
 745 756 737 2
 735 878 776 2
 619 831 84 2
 120 770 612 2
 635 950 7 2
 730 838 728 2
 837 890 885 2
 618 843 128 2
 681 868 708 2
 857 952 840 2
 124 841 608 2
 705 847 668 2
 832 909 693 2
 19 609 20 2
 782 843 642 2
 608 880 123 2
 712 823 714 2
 629 956 789 2
 822 898 625 2
 606 866 116 2
 636 637 626 2
 908 931 829 2
 820 829 827 2
 941 942 845 2
 123 880 122 2
 865 872 667 2
 23 842 24 2
 17 603 18 2
 122 605 121 2
 716 871 735 2
 659 875 661 2
 875 901 900 2
 114 767 113 2
 746 882 776 2
 854 915 779 2
 115 866 621 2
 797 807 806 2
 682 864 680 2
 15 611 16 2
 120 612 119 2
 824 940 763 2
 694 853 759 2
 871 878 735 2
 738 848 713 2
 620 860 25 2
 12 604 13 2
 117 606 116 2
 603 747 18 2
 679 868 681 2
 605 790 771 2
 745 758 757 2
 125 841 124 2
 846 883 856 2
 752 914 912 2
 15 850 611 2
 130 640 129 2
 26 860 628 2
 856 857 611 2
 22 610 23 2
 26 628 27 2
 131 626 130 2
 645 646 644 2
 796 798 794 2
 796 803 798 2
 850 856 611 2
 650 818 648 2
 791 796 794 2
 644 791 782 2
 676 877 711 2
 8 627 9 2
 648 656 646 2
 790 792 771 2
 643 645 644 2
 113 629 112 2
 848 869 849 2
 647 648 646 2
 807 808 806 2
 127 614 126 2
 605 771 770 2
 753 863 696 2
 793 801 799 2
 645 647 646 2
 649 650 648 2
 754 765 730 2
 735 776 775 2
 648 818 656 2
 716 735 734 2
 828 830 709 2
 739 827 710 2
 838 839 788 2
 735 775 734 2
 790 793 792 2
 702 811 699 2
 754 781 765 2
 696 863 690 2
 678 716 715 2
 651 652 650 2
 728 788 718 2
 689 853 694 2
 728 838 788 2
 719 761 739 2
 693 853 687 2
 724 726 723 2
 761 762 739 2
 791 794 782 2
 699 811 697 2
 707 718 717 2
 701 702 699 2
 721 728 718 2
 719 739 710 2
 700 701 699 2
 716 734 715 2
 733 869 819 2
 718 748 717 2
 653 654 652 2
 711 719 710 2
 697 811 741 2
 676 710 709 2
 729 730 728 2
 666 670 669 2
 814 815 812 2
 643 644 642 2
 676 709 674 2
 706 835 645 2
 106 623 107 2
 647 649 648 2
 731 754 730 2
 692 696 690 2
 98 624 99 2
 690 863 688 2
 698 699 697 2
 736 738 713 2
 692 697 696 2
 651 653 652 2
 697 741 696 2
 676 711 710 2
 675 676 674 2
 662 674 619 2
 686 859 693 2
 691 692 690 2
 675 877 676 2
 742 769 732 2
 707 721 718 2
 93 625 92 2
 762 820 739 2
 700 732 701 2
 14 850 15 2
 689 690 688 2
 102 607 103 2
 88 613 87 2
 91 617 90 2
 85 619 84 2
 678 715 679 2
 729 760 731 2
 99 665 100 2
 644 782 642 2
 662 675 674 2
 698 700 699 2
 85 662 619 2
 758 789 757 2
 649 651 650 2
 727 777 746 2
 692 698 697 2
 870 871 716 2
 722 723 673 2
 670 720 673 2
 100 616 101 2
 733 819 780 2
 687 688 682 2
 807 813 808 2
 671 678 672 2
 689 691 690 2
 670 671 669 2
 623 916 862 2
 666 669 667 2
 96 632 97 2
 108 630 109 2
 104 615 105 2
 678 679 672 2
 721 729 728 2
 687 689 688 2
 681 708 686 2
 731 755 754 2
 712 713 695 2
 653 772 658 2
 720 858 722 2
 737 756 736 2
 729 731 730 2
 714 736 713 2
 694 695 691 2
 698 869 700 2
 700 869 733 2
 679 680 672 2
 744 745 737 2
 121 770 120 2
 679 681 680 2
 763 766 764 2
 766 768 764 2
 748 750 749 2
 819 825 780 2
 115 621 114 2
 677 772 653 2
 83 631 82 2
 700 733 732 2
 734 740 715 2
 748 749 717 2
 686 687 682 2
 807 816 813 2
 689 694 691 2
 10 622 11 2
 687 853 689 2
 686 693 687 2
 694 759 712 2
 681 682 680 2
 724 727 726 2
 763 764 744 2
 743 763 744 2
 717 834 705 2
 681 686 682 2
 707 717 705 2
 694 712 695 2
 839 938 677 2
 95 633 94 2
 651 677 653 2
 643 706 645 2
 661 666 663 2
 708 859 686 2
 712 714 713 2
 722 724 723 2
 836 837 751 2
 733 780 742 2
 743 744 737 2
 714 743 737 2
 720 722 673 2
 714 737 736 2
 759 823 712 2
 750 836 751 2
 671 672 669 2
 751 774 749 2
 129 618 128 2
 659 661 660 2
 792 804 802 2
 798 817 794 2
 772 773 658 2
 793 799 795 2
 727 876 778 2
 750 751 749 2
 660 809 657 2
 666 667 663 2
 745 821 758 2
 733 742 732 2
 647 685 649 2
 722 725 724 2
 24 620 25 2
 752 786 784 2
 810 814 812 2
 799 800 795 2
 621 913 767 2
 663 664 660 2
 661 663 660 2
 727 778 777 2
 654 659 657 2
 793 795 792 2
 833 852 762 2
 621 767 114 2
 792 802 771 2
 821 822 758 2
 659 660 657 2
 845 846 844 2
 845 884 846 2
 778 783 779 2
 780 787 742 2
 724 876 727 2
 722 858 725 2
 24 842 620 2
 684 707 705 2
 116 866 115 2
 774 834 749 2
 778 779 777 2
 13 844 14 2
 680 865 672 2
 642 843 618 2
 122 880 605 2
 810 812 809 2
 823 922 824 2
 752 784 684 2
 688 864 682 2
 641 643 642 2
 775 952 857 2
 22 854 610 2
 605 770 121 2
 25 860 26 2
 84 831 83 2
 771 874 770 2
 842 919 620 2
 723 870 673 2
 832 833 762 2
 641 642 618 2
 789 886 881 2
 789 881 629 2
 678 870 716 2
 753 872 863 2
 852 920 622 2
 875 900 661 2
 725 876 724 2
 785 919 760 2
 864 872 865 2
 802 874 771 2
 938 954 772 2
 604 845 844 2
 715 868 679 2
 868 883 708 2
 761 832 762 2
 903 945 750 2
 16 840 17 2
 817 935 614 2
 863 872 864 2
 863 864 688 2
 695 849 691 2
 637 957 639 2
 97 887 98 2
 856 883 740 2
 864 865 680 2
 101 893 102 2
 94 894 93 2
 795 804 792 2
 664 809 660 2
 732 867 701 2
 753 873 872 2
 604 844 13 2
 693 909 853 2
 862 916 615 2
 634 961 110 2
 751 861 774 2
 671 870 678 2
 635 962 81 2
 640 641 618 2
 658 875 659 2
 604 941 845 2
 838 938 839 2
 713 848 695 2
 684 705 668 2
 683 752 684 2
 639 957 638 2
 740 868 715 2
 132 961 634 2
 824 922 719 2
 7 962 635 2
 129 640 618 2
 657 879 655 2
 913 958 756 2
 132 947 131 2
 612 939 119 2
 664 810 809 2
 888 892 628 2
 795 805 804 2
 711 824 719 2
 7 950 8 2
 21 854 22 2
 10 908 622 2
 768 904 764 2
 742 896 769 2
 767 956 629 2
 107 897 108 2
 773 901 875 2
 624 665 99 2
 913 956 767 2
 100 665 616 2
 667 873 663 2
 18 747 19 2
 828 933 830 2
 749 834 717 2
 627 908 9 2
 872 873 667 2
 86 662 85 2
 754 906 781 2
 92 898 91 2
 677 938 772 2
 12 920 604 2
 912 914 888 2
 834 847 705 2
 663 873 664 2
 899 949 805 2
 769 867 732 2
 788 903 748 2
 98 887 624 2
 847 893 616 2
 607 889 103 2
 632 887 97 2
 773 875 658 2
 102 893 607 2
 616 893 101 2
 17 840 603 2
 890 891 639 2
 641 891 643 2
 27 892 28 2
 93 894 625 2
 809 879 657 2
 622 920 11 2
 633 894 94 2
 677 928 839 2
 822 886 758 2
 615 951 861 2
 837 862 861 2
 623 897 107 2
 793 918 801 2
 108 897 630 2
 783 854 779 2
 605 880 790 2
 811 927 741 2
 624 683 665 2
 665 668 616 2
 632 888 887 2
 20 915 21 2
 846 884 883 2
 625 898 92 2
 91 898 617 2
 103 889 104 2
 125 935 841 2
 693 959 832 2
 704 923 702 2
 764 904 821 2
 896 939 612 2
 820 827 739 2
 685 928 649 2
 118 944 117 2
 740 883 868 2
 19 747 609 2
 800 805 795 2
 636 947 634 2
 614 935 126 2
 704 924 923 2
 848 849 695 2
 651 928 677 2
 837 861 751 2
 776 878 746 2
 662 895 675 2
 836 890 837 2
 833 942 941 2
 761 909 832 2
 798 902 817 2
 2 953 96 2
 876 946 778 2
 643 891 706 2
 837 885 862 2
 723 871 870 2
 755 964 946 2
 661 900 666 2
 787 896 742 2
 5 955 95 2
 617 911 90 2
 759 922 823 2
 812 879 809 2
 106 916 623 2
 666 900 670 2
 851 950 635 2
 615 916 105 2
 89 907 88 2
 632 892 888 2
 895 934 675 2
 104 889 615 2
 725 906 876 2
 741 927 905 2
 664 905 810 2
 665 683 668 2
 112 910 111 2
 772 954 773 2
 90 911 89 2
 842 963 919 2
 760 964 731 2
 920 941 604 2
 630 897 638 2
 755 906 754 2
 873 905 664 2
 28 953 2 2
 853 909 759 2
 855 964 760 2
 88 907 613 2
 747 882 609 2
 877 934 766 2
 798 917 902 2
 111 955 5 2
 753 905 873 2
 703 937 704 2
 628 912 888 2
 105 916 106 2
 683 914 752 2
 629 910 112 2
 835 945 685 2
 902 917 801 2
 633 910 881 2
 774 951 926 2
 9 908 10 2
 626 947 636 2
 683 684 668 2
 89 911 907 2
 87 895 86 2
 613 934 895 2
 757 913 756 2
 670 900 720 2
 711 940 824 2
 706 891 890 2
 815 948 930 2
 83 831 631 2
 86 895 662 2
 845 942 884 2
 834 926 847 2
 860 929 786 2
 866 958 621 2
 758 886 789 2
 628 892 27 2
 720 901 858 2
 706 890 836 2
 765 938 838 2
 882 921 776 2
 726 871 723 2
 752 912 786 2
 624 914 683 2
 801 917 799 2
 620 929 860 2
 859 959 693 2
 631 933 851 2
 765 954 938 2
 627 950 851 2
 763 940 766 2
 613 895 87 2
 609 915 20 2
 803 917 798 2
 867 932 703 2
 608 918 880 2
 883 884 708 2
 790 918 793 2
 888 914 887 2
 858 901 773 2
 826 958 866 2
 917 925 799 2
 719 922 761 2
 702 923 811 2
 934 936 766 2
 892 953 28 2
 11 920 12 2
 881 910 629 2
 603 921 747 2
 887 914 624 2
 766 940 877 2
 800 899 805 2
 757 956 913 2
 889 951 615 2
 905 927 810 2
 638 957 636 2
 799 925 800 2
 884 942 859 2
 830 933 831 2
 603 952 921 2
 907 911 768 2
 649 928 651 2
 806 925 803 2
 851 931 627 2
 774 926 834 2
 1 962 7 2
 6 961 132 2
 636 957 637 2
 766 936 768 2
 803 925 917 2
 81 962 1 2
 110 961 6 2
 900 901 720 2
 708 884 859 2
 804 932 802 2
 932 937 703 2
 877 940 711 2
 861 951 774 2
 880 918 790 2
 126 935 125 2
 747 921 882 2
 829 931 828 2
 675 934 877 2
 923 924 814 2
 119 939 118 2
 814 924 815 2
 778 946 783 2
 810 927 814 2
 96 953 632 2
 117 944 606 2
 833 941 852 2
 95 955 633 2
 8 950 627 2
 787 939 896 2
 131 947 626 2
 789 956 757 2
 781 954 765 2
 815 930 812 2
 874 960 769 2
 832 959 833 2
 731 964 755 2
 726 878 871 2
 685 945 903 2
 804 937 932 2
 623 943 897 2
 802 960 874 2
 760 963 855 2
 805 937 804 2
 910 955 111 2
 812 930 879 2
 852 941 920 2
 632 953 892 2
 768 936 907 2
 840 952 603 2
 907 936 613 2
 785 929 919 2
 932 960 802 2
 897 943 638 2
 808 948 899 2
 769 960 867 2
 867 960 932 2
 704 949 924 2
 633 955 910 2
 924 949 948 2
 831 933 631 2
 919 963 760 2
 919 929 620 2
 613 936 934 2
 924 948 815 2
 621 958 913 2
 948 949 899 2
 833 959 942 2
 942 959 859 2
 654 657 652 2
 652 657 655 2
 653 659 654 2
 658 659 653 2
 670 870 671 2
 673 870 670 2
 741 905 696 2
 696 905 753 2
 701 704 702 2
 703 704 701 2