1 0.051524290954 0.023701009101 -0.99757594189
2 0.24540882679 -0.0077995574409 -0.97116991202
3 0.079342175212 0.16853134707 -0.98420745379
4 0.32517201844 0.070243065355 -0.94475382467
5 -0.060004375236 0.10186244245 -0.99316229185
6 0.16740210329 0.24670094351 -0.95564007731
7 0.20777659768 0.10984014645 -0.97211799139
8 0.46114726439 0.006616697471 -0.88696169299
9 0.0083640719849 0.25331928976 -0.97001558842
10 -0.054589244241 0.01156444003 -0.99765161914
11 -0.21172349148 0.097852734782 -0.97460326936
12 0.5384487265 0.023509456534 -0.84270328263
13 -0.16845388819 0.24854799946 -0.95586030075
14 -0.14319002644 0.37503189846 -0.91936812769
15 -0.1755223656 -0.018675712305 -0.9853972196
16 -0.088120734606 -0.16771163295 -0.98463664553
17 0.016109950775 -0.10417590265 -0.99432306494
18 -0.0062887107571 0.45745507265 -0.89207845526
19 0.27918421338 0.38511755405 -0.88264696015
20 0.31542145724 0.19524765003 -0.9301002287
21 0.61472910143 -0.047307058124 -0.7873229356
22 0.61040023357 0.048400495229 -0.79062212728
23 0.67315407001 -0.0056063478407 -0.73975244172
24 -0.33853740459 -0.027267146261 -0.9420325178
25 -0.35709121821 0.12256154764 -0.92710433895
26 0.070731254865 -0.23430474813 -0.97137596857
27 0.16156253871 -0.0998370181 -0.98287946201
28 0.53040386739 0.10336026773 -0.84135304924
29 0.43977960801 0.13372264141 -0.88887358906
30 0.59368467651 0.11184969324 -0.79688599346
31 0.72461811709 0.070831069586 -0.68753162286
32 -0.3002328385 0.32407576575 -0.89798588919
33 -0.43112338492 0.08107073493 -0.89863798577
34 -0.40620121257 0.027092764009 -0.91378104627
35 -0.28439711767 -0.17332019031 -0.94544865444
36 0.17464225137 0.51630262311 -0.84216468661
37 0.39221480931 0.29111037904 -0.87531237205
38 0.56464039343 0.16827201673 -0.8074353148
39 0.51737187454 0.22941493767 -0.82423964245
40 0.606259929 0.17654804801 -0.77541934466
41 0.66090199442 0.1048048739 -0.7433724027
42 0.78671760414 -0.048174692555 -0.62010993866
43 -0.31252389029 0.2091105554 -0.92800501209
44 -0.29413362794 0.44018299223 -0.85040723574
45 -0.43015700867 0.13792020471 -0.89214589271
46 -0.13734008695 0.50452236644 -0.85283168489
47 0.022440112509 0.56103253303 -0.82805142496
48 -0.09207945989 0.59959643301 -0.79498712224
49 -0.072679883696 -0.36899772349 -0.9289637536
50 -0.19202698492 -0.2956017141 -0.93705169491
51 -0.046862173873 -0.49152904463 -0.87226397769
52 -0.44496701691 -0.098362914321 -0.89044270408
53 -0.47233467258 0.061886345 -0.87954629109
54 -0.42650959747 -0.22334403013 -0.87695839389
55 -0.38594397833 -0.33377007895 -0.85981032007
56 0.26774316762 -0.1354811451 -0.95441855092
57 0.16710917552 -0.26679645482 -0.95070032726
58 0.07546855414 -0.38266547906 -0.92169636322
59 0.56622463568 0.3061169078 -0.76529365169
60 0.41709401096 0.41865092312 -0.80827749399
61 0.50662423976 0.29642380858 -0.80965370778
62 0.67997348578 0.21767503895 -0.70141774174
63 0.85153872827 0.042030665383 -0.52730252894
64 -0.4234780187 0.37046386577 -0.8277111917
65 -0.44447165606 0.22329558952 -0.86757287272
66 -0.49826311099 0.16374488372 -0.85055794398
67 -0.22489358207 0.56903699127 -0.79143442484
68 0.063585446118 0.68108069377 -0.72897923375
69 -0.024465684633 0.63519849428 -0.77276246882
70 -0.19685687884 -0.42610318162 -0.88392747524
71 -0.55163503509 0.11711742947 -0.82656448149
72 -0.65374878411 -0.010770904945 -0.76133563216
73 0.2765843762 -0.27895516739 -0.91982941629
74 0.15409304718 -0.35584741013 -0.9219086498
75 0.046817060375 -0.55001322499 -0.83682561242
76 0.35270757653 -0.21968505616 -0.90839453911
77 0.13149084711 0.68568386193 -0.71527771827
78 0.47249805858 0.49485338006 -0.7303326301
79 0.35540340297 0.55997863849 -0.75142209747
80 0.62183324161 0.32749713756 -0.71256885575
81 0.56831001263 0.34850716155 -0.74507291614
82 0.51971465931 0.37146372334 -0.7697035149
83 0.79858587867 0.18267884731 -0.57723592674
84 -0.3355789418 0.51918281374 -0.78615228558
85 -0.37153604541 0.45766848868 -0.80724394605
86 -0.48334873859 0.25673184525 -0.83704909346
87 -0.45113662223 0.30593905198 -0.8383828001
88 -0.54382183102 0.2453704498 -0.80200328978
89 -0.54947209597 0.19821981713 -0.81169650333
90 -0.6315519675 0.12474604541 -0.76562632428
91 -0.17813711942 0.62538504098 -0.75971917699
92 -0.24065692881 0.61185159687 -0.75349461981
93 0.081696334363 0.75023721352 -0.65609245735
94 0.068862356256 0.71436568952 -0.69637753301
95 -0.017565707428 0.70658521616 -0.70716113776
96 -0.088175962078 0.68467747871 -0.72348429425
97 -0.53429372758 -0.054228244316 -0.8429450306
98 -0.29512421083 -0.40416971674 -0.86596325665
99 -0.48188625941 -0.24700857526 -0.84073556774
100 -0.37277023236 -0.38701565615 -0.84283610319
101 -0.44558135146 -0.2891709021 -0.84725696204
102 -0.41797874671 -0.33905659386 -0.842868036
103 0.22170250131 -0.42795882437 -0.876187635
104 0.42039133629 -0.15827506089 -0.89343173868
105 0.1627212602 0.63486782453 -0.75808989174
106 0.23457614516 0.71752796818 -0.65660263319
107 0.1444258438 0.73932856971 -0.65782047412
108 0.54326889768 0.50217269361 -0.67298223713
109 0.7182751728 0.36223311149 -0.5995179962
110 0.92351926208 -0.20525399138 -0.32493149182
111 0.91855107704 0.058260204348 -0.39802231204
112 -0.31339784191 0.62423443265 -0.71583135723
113 -0.41417519114 0.5760680372 -0.70507638597
114 -0.46535557447 0.34676191444 -0.81437157208
115 -0.49421925617 0.31076887854 -0.81190285592
116 -0.58244120442 0.28717673861 -0.75991302351
117 -0.42071209539 0.47572086585 -0.77185248144
118 -0.60800017394 0.17619170823 -0.77378741528
119 -0.61884329846 0.21816377343 -0.75398908327
120 -0.69511446927 0.074637346446 -0.71473337541
121 -0.67461946849 0.15417905183 -0.72200889616
122 0.1299657879 0.78358760926 -0.60754432401
123 0.035053057691 0.79342850901 -0.60854286341
124 -0.22619740294 0.71897443965 -0.6592060257
125 -0.08995904012 0.78569108909 -0.61504956133
126 -0.32631350969 -0.47806854989 -0.81546120301
127 -0.23655978753 -0.48789626184 -0.8405658257
128 -0.28167314287 -0.51300757014 -0.81085637246
129 -0.57920686177 -0.20272662574 -0.79193208179
130 -0.73786999048 0.086630183563 -0.66937647119
131 -0.37428577752 -0.44833009329 -0.81172716767
132 -0.48712884503 -0.37039368812 -0.79099954922
133 0.35137421868 -0.36406676167 -0.86297289867
134 0.23290620431 -0.46963932477 -0.85128482795
135 0.011798144823 -0.68228311858 -0.73264168515
136 0.18982263895 -0.5352046235 -0.82344062068
137 0.14133618337 -0.627184328 -0.76595804235
138 0.38411291053 -0.079577097944 -0.92088626866
139 0.42356658161 -0.21809599875 -0.87921686902
140 0.50731303537 0.57570210034 -0.64127127268
141 0.19132284404 0.77535555796 -0.60186284154
142 0.34782417953 0.76203125554 -0.54658149441
143 0.60544224237 0.44293966262 -0.66157777529
144 0.83273720135 0.30779867618 -0.46553146401
145 0.55351340228 0.44626731722 0.70260771017
146 0.87489597551 0.18402603882 -0.44800876045
147 -0.30424155509 0.69304909187 -0.65407808378
148 -0.3820845184 0.64114698072 -0.66590385111
149 -0.52340200266 0.37224631265 -0.76545780651
150 -0.61704489027 0.37612512346 -0.69448617518
151 -0.50570056433 0.46109455885 -0.72987042846
152 -0.67944581492 0.2180050352 -0.70090125853
153 -0.73100067954 0.13321778029 -0.66982806259
154 -0.7272585286 0.2879013579 -0.62636142151
155 0.011676042174 0.83695205607 -0.54610502908
156 0.12534827929 0.8351526344 -0.53674942554
157 -0.055271677908 0.8935515599 -0.45252402163
158 0.088830901576 0.87000143177 -0.48339925344
159 -0.34991695964 -0.54452997359 -0.7628370113
160 -0.17939715654 -0.54264712898 -0.82137599768
161 -0.25238706852 -0.58956223751 -0.76726574301
162 -0.092639374299 -0.62650220943 -0.77488147712
163 -0.46471217595 -0.54920347939 -0.69698327497
164 -0.8152612913 0.19648080226 -0.54807041037
165 -0.77196964227 0.10009547611 -0.62772644323
166 -0.70838529879 -0.32266608805 -0.63357312034
167 -0.42781383545 -0.45248254732 -0.78261197426
168 -0.57560038981 -0.39211152638 -0.72067512082
169 0.40152666012 -0.38330125311 -0.8317677176
170 0.28123839977 -0.50377011526 -0.81692293295
171 0.34880067818 -0.41500739565 -0.84019610032
172 0.32963524139 -0.49158663769 -0.80583085396
173 0.25017048748 -0.55920743833 -0.78981722573
174 0.23913812751 -0.62456496119 -0.74391965107
175 0.20501342159 -0.59919338386 -0.77392696972
176 0.16642981709 -0.67125772659 -0.72195049464
177 0.48300943427 -0.23233400906 -0.84422740777
178 0.69158042341 0.52914828294 -0.49933239457
179 0.51622252278 0.61081871577 -0.60034972178
180 0.41678305162 0.69918663915 -0.58147054932
181 0.42605989087 0.62414680336 -0.65578581622
182 0.19504885192 0.81033506245 -0.55255756924
183 0.24202707653 0.82113307706 -0.51640789591
184 -0.44694669667 0.71653061127 -0.53634986785
185 -0.49077165876 0.62427122358 -0.60989950271
186 -0.37288245027 0.74167491099 -0.55755076041
187 -0.20901461613 0.82764736678 -0.52493476153
188 -0.35330737973 -0.64174511618 -0.68135179259
189 -0.23299989062 -0.66165045203 -0.71499255078
190 -0.12603107056 -0.70917226055 -0.69479239823
191 -0.34636032245 -0.72630079104 -0.59190441185
192 -0.33609967683 -0.32395078257 0.88484926633
193 -0.80111054529 0.059926783823 -0.59550026262
194 -0.70883492307 -0.16406185656 -0.68859471294
195 -0.8106929307 0.016078813792 -0.58527884359
196 -0.81299795668 -0.041946549083 -0.5808721607
197 -0.77033035351 -0.042106849499 -0.63627385909
198 -0.54633039251 -0.62435691623 -0.56109138524
199 0.481848211 -0.29410597807 -0.82542411685
200 0.45866758811 -0.34877971235 -0.81729324794
201 0.43588933015 -0.40590676771 -0.80273859666
202 0.4502640945 -0.45508059812 -0.76822308192
203 0.33809886177 -0.59630266808 -0.72905869952
204 0.38064749735 -0.51503598027 -0.76773038576
205 -0.38664510746 0.48998478716 -0.78130738359
206 0.14050769055 -0.70223232551 -0.69757719871
207 0.23736730431 -0.67822934963 -0.69567402386
208 0.17692707138 -0.70270785684 -0.68867473059
209 0.53894166969 -0.069555901431 -0.83988493152
210 0.52362989674 -0.21662053914 -0.82339976746
211 0.58681454762 -0.20342776204 -0.78411281947
212 0.54880184204 -0.29238600031 -0.78255580555
213 0.54893130548 0.64380968524 -0.5349842393
214 0.47630103943 0.65050548516 -0.59159894353
215 0.23875435494 0.85378240942 -0.46265088622
216 0.32027910769 0.8104539765 -0.48973792515
217 0.29097888504 0.84093404909 -0.4562538486
218 0.38165298209 0.77385644461 -0.50418990961
219 0.45841288269 0.7142752947 -0.52885247547
220 0.76570086453 0.44102857132 -0.46822346671
221 0.80209853448 0.41034283739 -0.43393239754
222 0.89523362724 0.31894306374 -0.31402530288
223 0.91823452993 0.1627951486 -0.36195641459
224 0.96229975257 -0.018314413994 -0.28066315496
225 -0.40275371457 0.76468123759 -0.50299247711
226 -0.55105271163 0.52814727445 -0.64549871232
227 -0.68423498095 0.46315867159 -0.56487382344
228 -0.59646746578 0.6307244434 -0.50100702264
229 -0.81858306327 0.33148363809 -0.47541380401
230 0.12791856125 0.90789168608 -0.40293321292
231 -0.3305769276 0.84083047659 -0.43137655252
232 -0.20109677799 0.90621259088 -0.37756388903
233 -0.056180743428 -0.7624814726 -0.64417224997
234 -0.049731142791 -0.78781456697 -0.61392698221
235 -0.44377663928 -0.6629747341 -0.60493536838
236 -0.87879241527 0.10571019548 -0.46491906451
237 -0.86715576885 0.012388158403 -0.49828748713
238 -0.84818894266 -0.035147450701 -0.52853166507
239 -0.80438749853 -0.11714873607 -0.58335056698
240 -0.64103526662 -0.51342786041 -0.57638668996
241 -0.0081729719531 -0.80766848378 -0.58873670092
242 0.45768479664 -0.54409747451 -0.70381855657
243 0.48742920574 -0.38394790607 -0.78385467489
244 0.41837303649 -0.67400336075 -0.61124262747
245 0.33136268668 -0.68010693878 -0.65424331658
246 0.11368283509 -0.74942702659 -0.65191758627
247 0.35896986468 -0.72559675564 -0.58649297188
248 0.29406708448 -0.75004140487 -0.59242914789
249 0.57864714229 -0.037301597079 -0.81476744218
250 0.56291259062 -0.11628209175 -0.81871658763
251 0.56406639483 -0.43545122291 -0.70534913609
252 0.60325422865 0.68243695113 -0.41590342568
253 0.50011191843 0.69429207537 -0.51751239078
254 0.44930484512 0.74549984938 -0.49195426566
255 0.29671749243 0.86641857185 -0.40120447697
256 0.41862223765 0.76489751348 -0.48968804
257 0.64689031717 0.67117469447 -0.3624378411
258 0.77535771535 0.51238114339 -0.36799007893
259 0.84541506054 0.43882502884 -0.30361547224
260 0.95070197187 0.12273138481 -0.28266426772
261 0.9206954907 0.22385893819 -0.31971195536
262 0.94822287762 0.24409175184 -0.21128918537
263 -0.51415734834 0.7409890599 -0.43613862862
264 -0.44821923666 0.79553266357 -0.40793650501
265 0.2812290854 0.89681559154 -0.3422156431
266 0.057196959834 0.95360647475 -0.30096083702
267 -0.47439869671 -0.7186679037 -0.51019820707
268 -0.20573485479 -0.7425258832 -0.63708542063
269 -0.30211804404 -0.75129318821 -0.58675085252
270 -0.15069858893 -0.78531187724 -0.60049047853
271 -0.099430217317 -0.860533943 -0.50136813095
272 -0.80240848139 -0.24256833857 -0.54840406254
273 -0.90784242732 0.10380536957 -0.40627416433
274 -0.89452896566 0.046185062318 -0.44463136347
275 -0.8764826543 -0.04479694734 -0.47932480827
276 -0.88852518712 -0.0017692447527 -0.45881244418
277 -0.86986486802 -0.096897092649 -0.48323104029
278 -0.86430205221 -0.1513003053 -0.4782690379
279 -0.63715424771 -0.63133978388 -0.44515730259
280 -0.80410401846 -0.37776065424 -0.46298547608
281 0.10986853505 -0.83279727614 -0.5436997133
282 0.61494851288 -0.52667873669 -0.59142298307
283 0.52764353029 -0.59144788093 -0.61073546989
284 0.17558283624 -0.78000186912 -0.60087321398
285 0.24275395833 -0.76626952402 -0.59490553028
286 0.30501157915 -0.78296186831 -0.54215023324
287 0.65207916626 -0.056202265874 -0.75597104831
288 0.6354575294 -0.2603522875 -0.72778751704
289 0.38478697985 0.81553422198 -0.43190278205
290 0.3237264846 0.87201982745 -0.36772627466
291 0.43513554789 0.83397552258 -0.33961403475
292 0.82380410621 0.51101355801 -0.24537707724
293 0.7385931688 0.58559576942 -0.33361800196
294 0.88160769651 0.40951194859 -0.23466723607
295 0.98389600721 0.11246310715 -0.15325220144
296 0.99585008977 -0.011121188249 -0.10258386147
297 -0.41089705404 0.84086017107 -0.35245570521
298 -0.45763116761 0.8144470405 -0.35668667433
299 -0.73795577683 0.49105161201 -0.46092488576
300 -0.62996157373 0.70727399454 -0.32654545839
301 -0.82478919726 0.42212116006 -0.38020087195
302 -0.90630688217 0.23006026522 -0.35450900796
303 -0.88494277351 0.27920133383 -0.37282090783
304 0.19731985456 0.93203960976 -0.30709319451
305 -0.30269528466 0.90761609404 -0.29467375102
306 -0.16187545584 0.95107610225 -0.26386395444
307 -0.056124613337 0.96238315231 -0.26373736565
308 -0.57016808865 -0.74762030647 -0.34114368511
309 -0.4704528329 -0.77866313939 -0.4173261121
310 -0.23799300991 -0.76702532952 -0.5954846277
311 -0.19628843982 -0.78840776176 -0.58251531593
312 -0.31035040378 -0.78201887163 -0.54049028088
313 -0.21741361846 -0.81091481213 -0.54201688838
314 -0.38077944797 -0.78697698035 -0.48630472482
315 -0.91177014011 0.16846295743 -0.37455620519
316 -0.93290802717 0.11935434085 -0.33974851696
317 -0.85484824978 -0.24172274945 -0.46033228269
318 -0.93825362755 0.054801996949 -0.3416380815
319 -0.92882505024 0.004775570184 -0.37048455027
320 -0.91873745551 -0.046786244456 -0.39206771428
321 -0.93833224974 -0.042142458659 -0.34316620331
322 -0.89542075445 -0.078060856941 -0.43831178202
323 -0.89080058355 -0.098561964686 -0.44350041459
324 -0.73300042141 -0.49461045978 -0.47071675253
325 0.017718932429 -0.88058549462 -0.47454246828
326 -0.036669824781 -0.92675875206 -0.38101754763
327 0.10829960068 -0.86829741229 -0.48202218633
328 0.18097791735 -0.8627781517 -0.47434214834
329 0.46917263996 -0.69854209391 -0.54194128047
330 0.55256151343 -0.66212202803 -0.50800472081
331 0.39355268257 -0.76607104639 -0.50796465719
332 0.36420757509 -0.79153182219 -0.49074099675
333 0.31047710108 -0.81175278704 -0.49462080558
334 0.70748027903 -0.092433999241 -0.70177848998
335 0.73531831789 -0.18998234906 -0.65113053305
336 0.71311332903 -0.22262213721 -0.66478013358
337 0.6950669657 -0.32720125341 -0.64144830514
338 0.54285284652 0.78468233584 -0.30566809395
339 0.70600980852 0.65137296641 -0.27793113819
340 0.62779900978 0.6987224719 -0.34133790008
341 0.37064799298 0.86449739134 -0.33967505269
342 0.76127867523 0.60244455193 -0.23881167665
343 0.91986711172 0.35010842444 -0.1780585643
344 0.89659162816 0.40307589829 -0.18361718548
345 0.97122182648 0.21448514339 -0.10984317462
346 -0.55704506112 0.78589272007 -0.2690659815
347 -0.47644307164 0.81983407704 -0.31671209849
348 -0.70432631115 0.58749653589 -0.39712749101
349 -0.90089894684 0.33434332447 -0.2795123607
350 -0.92617673458 0.22190149765 -0.30489878051
351 0.25744417459 0.94536716745 -0.20809205338
352 -0.43656872084 0.86198208318 -0.26146756512
353 -0.33895976157 0.91391998939 -0.22498994694
354 -0.24946279272 0.94660495908 -0.20215947912
355 -0.21564291938 -0.88987868131 -0.40737760166
356 -0.29980811741 -0.81687835544 -0.49275980587
357 -0.40308525843 -0.81408037338 -0.41813003436
358 -0.35483231265 -0.81924615872 -0.45048764636
359 -0.49191592288 -0.81079104161 -0.3207817822
360 -0.94893514477 0.13138968018 -0.28541624347
361 -0.95537309298 0.082957873444 -0.28351504726
362 -0.90156296533 -0.14573346596 -0.40667803624
363 -0.94686261478 -0.086208322692 -0.30986270738
364 -0.90624969141 -0.22585061145 -0.35924717771
365 -0.97054685521 0.066252852139 -0.23169852704
366 -0.96986488321 0.0035957324117 -0.2417820457
367 -0.76493698152 -0.56459571489 -0.31854548669
368 -0.64824832489 -0.67602113324 -0.35265451681
369 -0.82360623211 -0.43144045737 -0.37234980428
370 -0.65300536135 -0.73243889293 -0.20129283792
371 0.081861175743 -0.89602053947 -0.43641894142
372 0.21590307996 -0.89121159693 -0.39911373247
373 0.27510530238 -0.85710853965 -0.43452011479
374 0.72764482369 -0.42097496793 -0.54813356195
375 0.77233160498 -0.23703423076 -0.58932695547
376 0.79426384522 -0.26454442894 -0.54640846344
377 0.37438128729 0.89157942377 -0.25479632524
378 0.63711283455 0.74621809662 -0.19510415298
379 0.47846313786 0.85590710165 -0.19945359489
380 0.42140070049 0.86894375594 -0.25902105981
381 0.79622162052 0.55304061603 -0.24333171492
382 0.87445856679 0.45110651288 -0.18000635254
383 0.73623203318 0.64515781724 -0.20447574775
384 0.80520939944 0.56473820267 -0.18224530439
385 0.88671197935 0.4514621517 -0.09941237789
386 0.92303058798 0.37035748184 -0.10218374384
387 0.95026100929 0.30496775092 -0.067242601532
388 0.99680749942 0.066801658818 0.037707655359
389 -0.39945976084 0.89379632793 -0.20373168959
390 -0.78782483292 0.51744535947 -0.33826305744
391 -0.72449862482 0.64137845969 -0.25593596104
392 -0.85493191254 0.45100490054 -0.25568515881
393 -0.961729958 0.17520267431 -0.21215398713
394 -0.9328112164 0.28645648932 -0.21857900702
395 -0.93610560469 0.23795598736 -0.25900912024
396 0.23463154659 0.96894242514 -0.079821983392
397 0.069887451163 0.97908127121 -0.19554704953
398 -0.10477753461 0.97555852108 -0.1939535625
399 -0.37691902476 0.912855895 -0.15689854981
400 -0.21983200905 0.96352166086 -0.15156280463
401 -0.30760506682 -0.85495209295 -0.41856382072
402 -0.25862395581 -0.84866025433 -0.46140575072
403 -0.54074648812 -0.81928593901 -0.19899164454
404 -0.87891390102 -0.30242667293 -0.36986606041
405 -0.88625768925 -0.36325369887 -0.28904308922
406 -0.96706676846 -0.044420744463 -0.2505936296
407 -0.96054251884 -0.12094673599 -0.25047455877
408 -0.94335271469 -0.14818090628 -0.29684472194
409 -0.92174735459 -0.26968004792 -0.28086851214
410 -0.98044080393 0.036971760167 -0.19068628056
411 -0.98225858405 -0.027683841291 -0.18545064069
412 -0.75549463348 -0.6229805746 -0.21779434596
413 0.65522554928 -0.60811664223 -0.45093884352
414 0.51105296946 -0.75766136373 -0.40875793013
415 0.44747061538 -0.7980670639 -0.40229373347
416 0.27645513163 -0.8987672131 -0.34051460473
417 0.28542773298 -0.87717727419 -0.38551605684
418 0.21382260273 -0.92658364083 -0.308843661
419 0.46821655391 -0.82004170605 -0.32947709325
420 0.32844093291 -0.8749175027 -0.35586451639
421 0.40929482425 -0.83305073667 -0.37212588974
422 0.8015937148 -0.19075523711 -0.56659990448
423 0.38642716921 0.91851395923 -0.087474046179
424 0.7416539291 0.66284330047 -0.10551229766
425 0.54401107787 0.83569445731 -0.096140109941
426 0.77112724646 0.62089747817 -0.13929881826
427 0.86018240844 0.49797975859 -0.10994674078
428 0.82991643373 0.54641073821 -0.11285209206
429 0.87519634504 0.47986125995 -0.061215922732
430 0.99290994331 0.014186054852 0.12896348159
431 0.98270735943 0.18220332143 -0.023568020035
432 -0.49135354359 0.84908400057 -0.19402721215
433 -0.54630289383 0.81111370359 -0.2088173939
434 -0.45635343775 0.87723749081 -0.14906815912
435 -0.47147927359 0.87678906331 -0.089716024044
436 -0.88176316454 0.42611532234 -0.20420047785
437 -0.91666609396 0.35226487303 -0.18873977231
438 -0.93966417063 0.30657933726 -0.15176917136
439 -0.96415358218 0.20164704343 -0.17161747517
440 -0.95107100298 0.25733411562 -0.17098862442
441 0.11333582877 0.98634396796 -0.11955182533
442 0.037489942042 0.9897736647 -0.13851985907
443 0.14114632142 0.98960360512 -0.01529290189
444 -0.11890024208 0.98523341439 -0.11343049175
445 -0.41100389889 0.90463791474 -0.11268429767
446 -0.35591484324 0.92963524915 -0.095288063048
447 -0.1344420164 0.99061142203 -0.024507760877
448 -0.31898292018 -0.87492021592 -0.36355850844
449 -0.23468508408 -0.93151585546 -0.27570586243
450 -0.075031279588 -0.96970625159 -0.23876955664
451 -0.35105571465 -0.90125523397 -0.2539703817
452 -0.4356540305 -0.85627595478 -0.27744052643
453 -0.98632082779 0.11440580015 -0.12935972095
454 -0.84750027234 -0.50222040222 -0.1855831558
455 -0.95740856412 -0.17597016921 -0.22489891539
456 -0.98295492418 -0.11735809323 -0.143627464
457 -0.9954338306 0.0012252955566 -0.10171844018
458 0.085064788493 -0.92282002804 -0.37445239862
459 0.076538204875 -0.96441988012 -0.25814956277
460 0.72691392931 -0.63743176382 -0.26838435576
461 0.60307265183 -0.70697391018 -0.37188499787
462 0.17507069127 -0.95603712955 -0.23712801836
463 0.25176730801 -0.93340439334 -0.25569518312
464 0.41581435207 -0.85101586938 -0.32072952254
465 0.36336653998 -0.87835329673 -0.31057517787
466 0.34080335567 -0.90178656502 -0.26445579167
467 0.85307703499 -0.16307956769 -0.4956441574
468 0.83014064339 -0.40739537625 -0.38778987977
469 0.76675131626 -0.53199918442 -0.36489544841
470 0.87290311335 -0.29264325612 -0.39237262098
471 0.42460776669 0.89808823848 -0.11463693008
472 0.35679320572 0.93294340231 -0.048360598384
473 0.20092129903 0.97886104734 -0.021708917138
474 0.31461981495 0.94603292739 -0.077682205334
475 0.69209206371 0.6958869682 -0.19278676943
476 0.6508341806 0.75820700851 -0.063137503548
477 0.80352020883 0.58940739725 -0.086828410623
478 0.84814340128 0.52873264478 -0.04064511861
479 0.86159873151 0.50638416928 0.025412809422
480 0.77638438279 0.62827894066 -0.049874271504
481 0.69792579262 0.71906520702 0.01573158452
482 0.90285477259 0.42984856441 -0.017941151749
483 0.92916763857 0.36963559128 0.0030319322306
484 0.94348168485 0.32685745665 0.061229273681
485 0.96728283876 0.2425114461 0.096196361696
486 0.98566930481 0.16381139676 0.049198376265
487 -0.59134292161 0.78866299038 -0.16873378482
488 -0.61850847311 0.77757718862 -0.11308433511
489 -0.46520233017 0.88443763935 -0.036630939944
490 -0.50604147398 0.86132814705 -0.045125827437
491 -0.82295354267 0.54052107319 -0.1761355186
492 -0.68720050076 0.70817564701 -0.16192557743
493 -0.66170911783 0.73910839486 -0.12597792412
494 -0.88253387993 0.44060995841 -0.16432168899
495 -0.94499139762 0.31883402257 -0.072702044095
496 0.24788659486 0.96884630659 0.042613194736
497 0.045068467101 0.99765695825 -0.04244795386
498 0.057859975086 0.99802346254 0.0019862215283
499 -0.054777930141 0.99479166251 -0.077465163224
500 -0.078209676409 0.99693217324 0.0056770477045
501 -0.28346533237 0.9583252678 -0.041434620336
502 -0.35491280431 0.93509519801 0.058588111594
503 -0.17572570769 0.98435059664 0.013301101121
504 -0.24799505071 0.9672172736 0.073671346294
505 -0.40646054581 -0.88242646686 -0.23627615807
506 -0.67408899622 -0.74153175839 -0.040879273997
507 -0.55258088004 -0.83480359312 -0.047894640571
508 -0.4369189292 -0.89606991076 -0.096677868467
509 -0.95027523524 -0.26356401808 -0.174871113
510 -0.90547182583 -0.39973324774 -0.15136111663
511 -0.99635281018 -0.086636102436 -0.014575878959
512 0.55033450424 -0.80337558438 -0.23936164816
513 0.30730828493 -0.92670249654 -0.21679308493
514 0.26660228121 -0.94494663364 -0.18969758648
515 0.39005162003 -0.90755217758 -0.16437736997
516 0.89715446145 -0.083610784483 -0.43353294052
517 0.90513016863 -0.18107445608 -0.38460174972
518 0.88893086271 -0.22043836786 -0.40151179521
519 0.40326919476 0.9149891481 -0.011574776117
520 0.82761194595 0.55065051975 0.10299614282
521 0.75978245735 0.64970714184 0.027635202602
522 0.80286931841 0.59210326694 0.069514648495
523 0.97004912598 0.14299590638 0.20352850976
524 0.96466064997 0.032257757424 0.26204105019
525 -0.58834005965 0.80471486255 -0.079392786936
526 -0.55039572717 0.83344223108 -0.049440938368
527 -0.62730120322 0.77663736533 -0.057771896493
528 -0.45724990208 0.88726915836 0.043816303127
529 -0.52568666762 0.85067931062 -0.0012564286009
530 -0.86958882026 0.47612990001 -0.13090131917
531 -0.82112820884 0.55842844442 -0.11780600203
532 -0.7129067708 0.69859491757 -0.058928056858
533 -0.67751305754 0.73248645164 -0.066593034591
534 -0.65299379508 0.7573568705 -0.0018566399766
535 -0.8636410725 0.50249411416 -0.039986253916
536 -0.89721017728 0.4349983562 -0.076030640959
537 -0.96921400259 0.22412889912 -0.093128978502
538 0.1122710686 0.99244625435 0.049396612896
539 0.09064383157 0.99110345661 0.097399347997
540 -0.036358202742 0.9973600589 0.057537693004
541 -0.12387932171 0.98972139591 0.071282162999
542 -0.43363837717 -0.88008024813 -0.19204488254
543 -0.23367759764 -0.95766761527 -0.16530271755
544 -0.15567273589 -0.97109334771 -0.18467267566
545 -0.15495320127 -0.98712574519 -0.048197605904
546 -0.99828055107 0.051579656307 -0.03124861092
547 -0.99335267224 0.056248343131 0.11396585814
548 -0.97643422638 -0.21671048396 -0.044935844803
549 -0.98073377183 -0.18906585626 0.079853083794
550 -0.78766850109 -0.61891215435 -0.014414257302
551 -0.91012677225 -0.41054032235 -0.059424902131
552 -0.86195559479 -0.50536583221 -0.042026064147
553 -0.93735101818 -0.3538486118 -0.0027334014596
554 0.14767076908 -0.97545089332 -0.16339236299
555 -0.06929148659 -0.992021674 -0.11041998299
556 0.093600336945 -0.99005397696 -0.10927154975
557 0.64303707105 0.41595854368 0.64321453292
558 0.6476566411 -0.75369855017 -0.13704486295
559 0.30873086816 -0.93735462077 -0.16083924371
560 0.30060284754 -0.94990573466 -0.091833923271
561 0.52371650362 -0.84800712257 -0.097886786753
562 0.47047523632 0.8819458265 0.039623414742
563 0.42650055388 0.90300273208 0.051757274799
564 0.37257418794 0.92648694274 0.045259741579
565 0.2794393593 0.95166808861 0.12478531275
566 0.57108130438 0.82051116892 0.041046279783
567 0.88626399229 0.44723254113 0.12555340945
568 0.7042521999 0.70045520204 0.1200963148
569 0.91215387747 0.37373389679 0.18120318315
570 0.95223295041 -0.069000204942 0.3009321015
571 -0.54630735092 0.83622104182 0.048033595868
572 -0.49902676711 0.86570062942 0.039142193869
573 -0.62332631932 0.78017142165 0.052995396964
574 -0.80151930547 0.59351017692 -0.073033345921
575 -0.77570796627 0.62868906671 -0.05506143944
576 -0.83314879226 0.54936471878 -0.063769765417
577 -0.76957455505 0.63830793746 -0.00164902485
578 -0.69484133521 0.71913272684 -0.0051359266969
579 -0.6743302101 0.7368931522 0.040696072132
580 -0.83812856462 0.54532786662 -0.01439320531
581 -0.87758325418 0.4785132978 0.011057227168
582 -0.90890222982 0.41271612181 -0.039521423192
583 -0.95941246444 0.28366571967 0.051502688251
584 -0.98942564302 0.14304815912 0.051673624775
585 0.14374751652 0.98518877854 0.093335540273
586 0.00039458113333 0.99211685016 0.12075809397
587 -0.049493913566 0.99085454742 0.12549803764
588 -0.10370183927 0.97982414259 0.16983301442
589 -0.17478585189 0.97713725473 0.11733922339
590 -0.29495484424 -0.94250410519 -0.15710953108
591 -0.33002696779 -0.93728885623 -0.11231862326
592 -0.2096760615 -0.97657584827 -0.048584891673
593 -0.99817857224 -0.031606512949 0.070920192874
594 -0.87103227129 -0.49239448484 0.05823026214
595 -0.70787508105 -0.70355633087 0.088328951099
596 0.083055179536 -0.9963305155 -0.012262726781
597 0.014684429759 -0.99493039235 -0.097345947917
598 -0.031621236613 -0.99869676671 -0.040707977381
599 -0.075890641383 -0.99680357755 -0.0055544863359
600 0.35425447825 -0.93451118851 -0.040584569699
601 0.45504725656 -0.89039347216 -0.011884469899
602 0.39758533967 -0.91726650739 0.034598603533
603 0.91609957235 -0.28160068577 -0.2848277657
604 0.9295565721 -0.14277065725 -0.33912482586
605 0.88876833204 -0.39752354023 -0.23083248735
606 0.93139069413 -0.23299465316 -0.27989222956
607 0.84116171266 -0.51021725545 -0.19073779639
608 0.93524823617 -0.26845297654 -0.22950388145
609 0.46581268554 0.88049030965 0.088105663887
610 0.39647246259 0.9052381722 0.15931426897
611 0.61449028446 0.76774667845 0.18097805799
612 0.76518010565 0.61363382697 0.19477003575
613 0.8149220921 0.55167706933 0.18066261091
614 0.6694415603 0.71785233946 0.18976870344
615 0.72873866673 0.65000567035 0.21540773916
616 0.92345384621 0.27291819836 0.27720622999
617 0.85411294459 0.43331460738 0.29651753609
618 0.91825282015 0.12016708173 0.37872359113
619 0.91335428283 0.01472523384 0.40419695768
620 -0.42610251884 0.88771275783 0.17478352307
621 -0.58768996811 0.8062005588 0.068249843879
622 -0.60317230365 0.78949517385 0.11338251498
623 -0.6510768102 0.75228234755 0.097367882822
624 -0.71644161311 0.69159472548 0.093057195223
625 -0.8327788202 0.54721905239 0.086424200006
626 -0.96470278871 0.22208487013 0.15554931755
627 0.085380006194 0.98079109211 0.17871273372
628 -0.28100511086 0.93859943856 0.2085612905
629 -0.57118751348 -0.8113594906 0.14358394072
630 -0.26677772708 -0.96169333884 -0.065925495106
631 -0.34179269105 -0.93987900054 -0.041839698035
632 -0.12934428714 -0.99103218318 0.033328581509
633 -0.25401819809 -0.96594653786 0.020336790747
634 -0.43539061541 -0.89833761313 0.088844703454
635 -0.95995753096 0.08370219545 0.27296358697
636 -0.93287945168 -0.33121671191 0.15458650196
637 -0.98020727687 -0.030536209099 0.20287577158
638 0.074269282382 -0.99666625305 0.022098380024
639 0.16357870716 -0.98641544916 0.015444512686
640 0.21945014473 -0.97561169466 -0.0034676141464
641 -0.088908645655 -0.9950906177 0.043480255762
642 -0.018415779972 -0.99689347738 0.079419593938
643 0.76155216261 -0.65140032752 -0.045870464279
644 0.50424566282 -0.86353353412 -0.005449831701
645 0.61425889818 -0.78992498226 0.02480445884
646 0.38145271638 -0.91865084082 0.10927875147
647 0.96092443411 -0.12361852172 -0.2495171273
648 0.93767939931 -0.32447707586 -0.12337885252
649 0.85035408465 -0.52622138272 -0.0013219545335
650 0.94803018399 -0.23083635422 -0.21893589524
651 0.96708337407 -0.17409581598 -0.18627582895
652 0.89611778996 -0.43899399762 -0.081387630657
653 0.94592709958 -0.28399846183 -0.15364906486
654 0.60496127231 0.75692300793 0.24826053312
655 0.39197777478 0.88531078756 0.26032489556
656 0.54018927952 0.81679255887 0.20252259726
657 0.78909489474 0.55352870417 0.26845819264
658 0.74510803735 0.61304020414 0.26268475094
659 0.70558654116 0.64621852808 0.29141427817
660 0.75409399015 0.54215686844 0.37136893949
661 0.91899466514 -0.14151908515 0.37478917563
662 0.88221919248 0.25784155371 0.39515756779
663 -0.90565553144 0.41390086088 0.09162145751
664 -0.56795352378 0.80907064121 0.15110119186
665 -0.52888567047 0.82915174242 0.1810839685
666 -0.49399294812 0.84289639783 0.21319922414
667 -0.47198314356 0.84147001398 0.2629197832
668 -0.7091679442 0.68863623094 0.15125223182
669 -0.8047500629 0.59013090263 0.060666694048
670 -0.65950280968 0.72996856446 0.17881671711
671 -0.91431987089 0.35791345435 0.19554872142
672 0.16382926049 0.9399458701 0.29843973542
673 0.028496682271 0.96252017982 0.27148255443
674 0.011834163755 0.97613545513 0.21497229164
675 -0.047932173339 0.96349764413 0.26338604696
676 -0.16080962514 0.95194360175 0.26416605377
677 -0.099515336104 0.96855126465 0.22717896576
678 -0.23616329258 0.92315106662 0.30343385185
679 -0.17337738505 -0.98381794831 0.045132913076
680 -0.9459347316 -0.22562922316 0.24489563679
681 -0.67319930112 -0.69061562017 0.28078303225
682 -0.12749203257 -0.98886746262 0.076693921685
683 0.13575977869 -0.98853375865 0.06595504184
684 0.038377798017 -0.99592189947 0.08100418467
685 0.25892650482 -0.96485560732 0.044833116022
686 0.50163483294 -0.86266679999 0.073204328493
687 0.7024245016 -0.70526044653 0.090285490328
688 0.31444600077 -0.94665523015 0.070410242276
689 0.97822592946 -0.16903331712 -0.12045753381
690 0.96246978142 -0.26087680012 -0.072770625576
691 0.56725511085 0.78379335428 0.25279908308
692 0.51048249974 0.81854559219 0.26340879857
693 0.50657676437 0.78768979573 0.35173525428
694 0.65343693581 0.65433609221 0.3835303398
695 0.62172461513 0.72349192801 0.29886831941
696 0.67156511792 0.69503915864 0.25245267374
697 0.81850990763 0.39255934003 0.42323464392
698 0.82931846174 0.30883608249 0.46639147242
699 0.85295629451 0.17954237686 0.49101180735
700 -0.85315663504 0.50420358442 0.13164958492
701 -0.43104695936 0.85506128351 0.2876313871
702 -0.57332849149 0.79209456847 0.20956889139
703 -0.5264146203 0.81431813595 0.24447700502
704 -0.4929390318 0.81694457449 0.29934014126
705 -0.45091852757 0.82487911514 0.34091893307
706 -0.61515985716 0.74376760136 0.2613407624
707 -0.68627153733 0.68216280684 0.24928568363
708 -0.72872728014 0.65727375892 0.19077205773
709 -0.76855682127 0.61103946521 0.18956516563
710 -0.79912350864 0.57579985359 0.17190966073
711 -0.7338110977 0.60998904649 0.29820571366
712 -0.85721349958 0.45778780031 0.23184859455
713 0.29201391586 0.88303393894 0.36860892768
714 -0.07792091723 0.94425359224 0.31988082775
715 -0.18591004804 0.92272739148 0.33732061445
716 -0.3442158854 0.85039459718 0.39896211028
717 -0.93402687232 0.1883492083 0.31175573357
718 -0.32828251812 -0.93784404235 0.12455207834
719 -0.22059860529 -0.97043935201 0.098811122023
720 -0.17876413752 -0.97795394422 0.1078655544
721 -0.92702627596 -0.12014173328 0.36710894574
722 -0.86430232152 -0.46114749962 0.20319733375
723 -0.77258653321 -0.61510949729 0.17058698342
724 -0.85537605824 -0.42727582245 0.29316482667
725 -0.1867930727 -0.95798172582 0.21470198187
726 0.16456752326 -0.98129214598 0.099774969878
727 0.11229525944 -0.98714478989 0.11369135088
728 0.23798185726 -0.96328853286 0.12427919773
729 0.037866656797 -0.98670141795 0.15714182922
730 -0.021591915158 -0.98661565936 0.15991856997
731 -0.079142738972 -0.98934393809 0.12596265258
732 0.79288996713 -0.60568368981 0.063214691184
733 0.51391282899 -0.84153237564 0.16646752545
734 0.63329470516 -0.74511343745 0.20920118631
735 0.30552280572 -0.93942915127 0.15532572273
736 0.26619401057 -0.9441606117 0.1941161858
737 0.42561297351 -0.88186670721 0.2039413741
738 0.91100847623 -0.41255387412 -0.010729845752
739 0.93445865556 -0.35323771383 -0.038192842315
740 0.97268855117 -0.22215846329 -0.06727312347
741 0.98152078735 -0.17834544608 -0.064548834364
742 0.84122626898 -0.53757163038 0.05772755517
743 0.96336096334 -0.26217254326 0.057791899038
744 0.55980136016 0.72501119087 0.40144332352
745 0.86373814383 0.081577277322 0.49855888522
746 0.83780269263 -0.01136433829 0.54638849987
747 0.81444251959 0.2464801978 0.52451774545
748 -0.87760286052 0.37033411406 0.30985552367
749 -0.42790031881 0.81110272099 0.39851773788
750 -0.50326969865 0.79001150546 0.35016815233
751 -0.67937855074 0.66300351652 0.31508753322
752 -0.76417083192 0.59669425532 0.24384649244
753 -0.78880436953 0.57320152978 0.22186333334
754 -0.8131878359 0.52601170144 0.24907990748
755 -0.8119271987 0.50383367088 0.29485816916
756 0.19817890539 0.88912649886 0.41330211827
757 0.098650332728 0.90896638645 0.40695978167
758 -0.0037534544597 0.934421493 0.35739917105
759 -0.14047472932 0.92066702842 0.36484250846
760 -0.14159175703 0.901920562 0.40799211552
761 -0.19921461298 0.89875400831 0.39055827778
762 -0.22966283903 0.8703072698 0.4350916268
763 -0.87709768334 0.26764628083 0.40408920853
764 -0.49879253046 -0.82006110006 0.2913533399
765 -0.34449176134 -0.91203018985 0.22824357088
766 -0.91422992678 0.0389483429 0.40495912005
767 -0.88727265885 -0.36371115303 0.2851875542
768 -0.85417137652 -0.39243281527 0.34119326478
769 -0.78780446859 -0.52209265192 0.33171036124
770 -0.12147769873 -0.95586798735 0.26749210108
771 0.1452676248 -0.97601908879 0.16212452516
772 0.18989354843 -0.96624890012 0.17063299846
773 0.0091507737636 -0.97147540953 0.23698704906
774 -0.066798349065 -0.94897896512 0.30820622034
775 -0.051745837552 -0.96587474984 0.25377299833
776 0.69608421369 -0.6949352616 0.18039969603
777 0.49924319946 -0.83963455274 0.21386757395
778 0.56970664575 -0.80491734145 0.16770942792
779 0.3018245585 -0.92841618206 0.21739167325
780 0.27070511122 -0.92453923581 0.26691603366
781 0.37862628898 -0.88333066212 0.2739633401
782 0.46523589324 -0.8465861571 0.25851736013
783 0.92940910279 -0.3691232051 -0.00070512292469
784 0.87214338292 -0.48640466041 0.052395769664
785 0.91214791165 -0.40653436744 0.044978435038
786 0.92517577068 -0.34265432352 0.16988037032
787 0.99630141021 -0.097276102128 -0.012437591535
788 0.98013495423 -0.19666678777 0.012705825528
789 0.88664799787 -0.45060072152 0.1040981372
790 0.82212149633 -0.55823528464 0.11162853051
791 0.7498824626 0.39939355657 0.52745835216
792 0.42415060428 0.80242817713 0.42037675539
793 0.38688671216 0.84685856676 0.36312619938
794 0.3677890728 0.83595392827 0.40737655757
795 0.56700186363 0.68434879476 0.45738758928
796 0.45924606582 0.77002314541 0.44355606847
797 0.68808311869 0.54386294458 0.48246459646
798 0.69304023518 0.46400388588 0.55173055749
799 0.61492152103 0.63630671249 0.46690723768
800 0.77810991661 0.2839432083 0.55972298785
801 0.75871180073 0.36151586488 0.5418841154
802 0.72104297936 0.4017676308 0.56450309975
803 0.80582156325 8.7593937271e-14 0.59215843167
804 -0.81931700921 0.45265847148 0.34879350145
805 -0.45788326898 0.77217625185 0.43987203686
806 -0.60124363854 0.71276952194 0.36099286896
807 -0.54677785602 0.74487377928 0.38258970051
808 -0.73169418537 0.58529921297 0.34867982487
809 -0.79085223874 0.51002290911 0.338327233
810 0.28891847431 0.83629499974 0.46690412105
811 0.20064560805 0.84696308876 0.49108874692
812 -0.14356103602 0.87725683622 0.4580593309
813 -0.19249292577 0.85569627884 0.48037245363
814 -0.25685747233 0.84778050928 0.46397153069
815 -0.28338433162 0.82818182461 0.4829913111
816 -0.86274854439 0.12445220954 0.49575168739
817 -0.22761882447 -0.94441475274 0.23841121992
818 -0.38770494576 -0.86247207264 0.32704596506
819 -0.20997045291 -0.93391539151 0.28936526418
820 -0.8619547524 -0.32360626726 0.39374580292
821 -0.82388385938 -0.42728654165 0.37053248766
822 -0.66676871731 -0.57398164921 0.4770996276
823 -0.15616485086 -0.93896354101 0.30653958428
824 -0.10471523159 -0.93360317349 0.34325493759
825 -0.045057788574 -0.93518854064 0.35130478199
826 0.16323255903 -0.95274096274 0.25838316274
827 0.079149961678 -0.95395553606 0.28927105918
828 0.24384008453 -0.91760785262 0.3127354238
829 0.72635207695 -0.65261730051 0.2155468981
830 0.79623523599 -0.5867236696 0.14751649143
831 0.76778971999 -0.61138224701 0.19154846407
832 0.69624329723 -0.66447378342 0.27035057304
833 0.50698232148 -0.81282581993 0.28551822855
834 0.57162667418 -0.76715557464 0.2931106779
835 0.62738113787 -0.70507308063 0.33100864579
836 0.65444000888 -0.67890092079 0.33297334449
837 0.36994630601 -0.87492758253 0.31250056739
838 0.4244835263 -0.85903072952 0.28667930347
839 0.4953571216 -0.79835024429 0.34145694243
840 0.44670037598 -0.8255314679 0.34487574837
841 0.87044798584 -0.42858268168 0.24421114788
842 0.9752702984 -0.17911699278 0.12950207488
843 0.58777536044 0.64601468484 0.48703203715
844 0.41765795325 0.76988163459 0.48145173305
845 0.35863432351 0.79221580696 0.49380912925
846 0.5340168321 0.69120601025 0.48688170559
847 0.508232445 0.72661460947 0.46232105395
848 0.46200579151 0.74260451126 0.48485717377
849 0.608091636 0.56817627462 0.55415319909
850 0.5664270281 0.61381715898 0.54988717267
851 0.75258758842 0.3123099142 0.57969545077
852 0.77928020039 0.24003651373 0.57809423287
853 0.6930935022 0.36309817177 0.62274947593
854 0.66889535891 0.4320916467 0.6049008329
855 0.80275204625 0.041950056094 0.59484100862
856 0.76757293435 0.024555781705 0.6410256706
857 0.76346751805 0.2053612505 0.61233033993
858 -0.78859849453 0.39858783715 0.47185323618
859 -0.39226638557 0.76082878575 0.51572768332
860 -0.53211894933 0.72928733373 0.43012445746
861 -0.67499506885 0.60602157819 0.42040607156
862 -0.60886177336 0.65952008134 0.44160110205
863 -0.75152584991 0.54275832642 0.37500465948
864 -0.70008665927 0.56181596279 0.44073152311
865 -0.54935364987 0.68970260601 0.47172315323
866 0.24802066369 0.80968219916 0.53188587211
867 0.16397054345 0.86371591137 0.4766970913
868 0.11410411164 0.8624810002 0.49304470572
869 0.052088483389 0.8777911542 0.47690029868
870 -0.001311396446 0.89912023938 0.43808024832
871 -0.07802496503 0.84126228686 0.53405971362
872 -0.095544347167 0.88023231704 0.46452229965
873 -0.030789736909 0.87878868716 0.47620604138
874 -0.16388127487 0.83129474177 0.53113476606
875 -0.20588931852 0.82423930365 0.52750626252
876 -0.32317920171 0.75763127116 0.56788530719
877 -0.32793309087 -0.86678597909 0.37621948067
878 -0.23884768303 -0.90605448342 0.34934552539
879 -0.18276201815 -0.91686519351 0.35562042935
880 -0.54418123474 -0.72084931566 0.43219464814
881 -0.82862365792 -0.26251990075 0.49805250161
882 -0.77224046992 -0.42289638571 0.47676185314
883 -0.062491493584 -0.90635146762 0.41966045672
884 -0.21844844655 -0.87025174963 0.44211994764
885 0.033664871458 -0.93682995041 0.34775140588
886 0.12850583222 -0.93623670378 0.32717182056
887 0.029142312866 -0.88532470626 0.46757097391
888 0.17173266022 -0.91911340955 0.35394588317
889 0.24807903298 -0.90508692754 0.34538634416
890 0.74314285502 -0.60753423525 0.28107103204
891 0.82722497221 -0.5284233571 0.19650834866
892 0.69570655027 -0.63805412154 0.32908945373
893 0.33681161488 -0.87723861083 0.34114047624
894 0.50014487699 -0.75236803064 0.4306530605
895 0.43181850218 -0.81463302246 0.386020042
896 0.98821691324 -0.090041505909 0.13017676625
897 0.95354574106 -0.23591294766 0.18833121449
898 0.91213580762 -0.30068850875 0.28408486794
899 0.34531943599 0.75893335098 0.5520574125
900 0.28725538943 0.77254144397 0.56630872387
901 0.6484915008 0.4940566956 0.57921912995
902 0.50168605286 0.63788677263 0.58377348356
903 0.48244656405 0.70614613891 0.5185422061
904 0.36677447195 0.71688326092 0.59292220573
905 0.60560636364 0.53547363139 0.58863565312
906 0.57136018941 0.56995877749 0.59051130126
907 0.52998610731 0.60570289202 0.59349463261
908 0.70992652901 0.26669628091 0.65185095002
909 0.70171707078 0.31162232243 0.64073526019
910 0.654137419 0.36077411626 0.66480286085
911 0.73570313923 -0.0079051195477 0.67768005582
912 -0.48610149311 0.67923165956 0.5491953594
913 -0.60124924065 0.62589509613 0.49699839902
914 -0.71647936906 0.51899056174 0.46616341497
915 -0.67650139487 0.5509721716 0.48864430844
916 -0.72876485341 0.49739008185 0.46947414617
917 -0.52393231914 0.64082958919 0.56112806616
918 -0.57897795072 0.6071929007 0.54415113053
919 0.23348979384 0.780958293 0.57926992823
920 0.18399210211 0.78233625282 0.59504253245
921 -0.10631634547 0.79684767841 0.59443783269
922 -0.046730706478 0.81023356013 0.58425898564
923 0.073992708258 0.84247897023 0.53362382991
924 0.014795753772 0.85339242961 0.52106348954
925 -0.042567119279 0.84510920362 0.53287770957
926 0.10799452491 0.79315896377 0.59874376919
927 -0.20227722707 0.80288859691 0.56026288817
928 -0.21287325863 0.77551555516 0.59275631104
929 -0.4024101996 -0.81233473113 0.42511847505
930 -0.32961281269 -0.83737207226 0.43609359242
931 -0.28117312663 -0.88321842741 0.37529981062
932 -0.53926428905 -0.6551849209 0.53190269564
933 -0.47233140887 -0.71451019142 0.51715000538
934 -0.85672421993 -0.07758020522 0.51446000665
935 -0.13685633924 -0.87894418437 0.4570332003
936 -0.095567861458 -0.84451632305 0.52800639829
937 0.34018619925 -0.84897142521 0.40507484592
938 0.11143890055 -0.91554128267 0.38769421761
939 0.63230503572 -0.65862894899 0.40795992832
940 0.69276226047 -0.59913570703 0.40189852842
941 0.58106797861 -0.69978001921 0.41691107446
942 0.79590208281 -0.51419722995 0.32413400445
943 0.97358964037 -0.065477400798 0.21600705969
944 0.81655129567 -0.40823644919 0.40957435734
945 0.95126192782 -0.15377848658 0.26596594615
946 0.28905509486 0.72563750799 0.62447120134
947 0.44374248213 0.6976166267 0.56296473518
948 0.38143076526 0.67931519899 0.62707353314
949 0.49432779408 0.59443981527 0.63426137266
950 0.53766327598 0.52816996304 0.65724740973
951 0.68068538299 0.24260409939 0.69146132044
952 0.59489092227 0.44368322489 0.67042960912
953 0.60679163556 0.33838889637 0.71913559289
954 0.67330310415 -0.041821035971 0.74190002392
955 0.71336440555 0.087051411609 0.69536301726
956 0.6826046643 0.1329008299 0.71860557404
957 0.65000816404 0.18173377519 0.737877943
958 -0.36934539874 0.68225497364 0.63244761288
959 -0.63129933122 0.57001759744 0.52586515037
960 -0.54126621619 0.59023168791 0.59885968006
961 -0.59275545283 0.56062319123 0.57822777177
962 -0.7799607423 0.27408105263 0.56536945915
963 -0.69435021544 0.38894260831 0.60788644928
964 -0.1055572707 0.76948305289 0.6296060229
965 0.15817081434 0.75338979701 0.63825063734
966 0.066841760984 0.799487769 0.59721153578
967 -0.011856617097 0.77675645559 0.63006978329
968 0.013055709221 0.81076842709 0.58523636256
969 0.10064204741 0.75646823582 0.64623653705
970 -0.22559435455 0.73778080455 0.6368221192
971 -0.77216647854 0.16015900534 0.6160546871
972 -0.79881148559 0.010804237946 0.60455723215
973 -0.34722233366 -0.80229731146 0.48556259846
974 -0.28058796295 -0.81681012047 0.50369033562
975 -0.1461441172 -0.85073770326 0.50476496694
976 -0.17440768615 -0.82465193127 0.53804960534
977 -0.40062335356 -0.73722981712 0.54405863686
978 -0.74899945272 -0.11988861359 0.6544005877
979 -0.75398480828 -0.26358846313 0.60670148181
980 -0.60196393495 -0.56440855938 0.56704223967
981 -0.52090149994 -0.57158169559 0.63491494852
982 -0.66698374686 -0.43104524603 0.61092704284
983 -0.015790457859 -0.82160836645 0.57210414255
984 0.21010521119 -0.85322568123 0.48259745226
985 0.10657924879 -0.82338893168 0.55736573161
986 0.63185407549 -0.62390323985 0.45991227221
987 0.58538588878 -0.65542067118 0.47637659482
988 0.37533956343 -0.77657373299 0.50931488876
989 0.70581616945 -0.50799840613 0.4932758616
990 0.86240391558 -0.28179830971 0.42117969916
991 0.40845971133 0.65295876148 0.63750829134
992 0.36839391479 0.65121296886 0.66352916132
993 0.45619749485 0.58457213499 0.67057160207
994 0.58004092818 0.16148798762 0.80004010596
995 -0.66099125059 0.46839282823 0.58625182173
996 -0.46214337045 0.61924999196 0.63441329344
997 -0.51517647533 0.55160917377 0.65680070384
998 -0.62579798676 0.50361221402 0.59560103393
999 -0.55893928956 0.53395536676 0.63488790213
1000 -0.72001896784 0.27175671671 0.64042194141
1001 0.15767712671 0.71574135697 0.67977087531
1002 0.15987970236 0.67014714828 0.72484330259
1003 -0.027224252664 0.73985592612 0.67228187451
1004 0.074300828944 0.7212852326 0.68864571931
1005 -0.20129797293 0.71195019399 0.67230884876
1006 -0.71317061395 0.1245275547 0.69205744944
1007 -0.3571218485 -0.76039515466 0.54276631001
1008 -0.23449003527 -0.79748884347 0.55532366515
1009 -0.36479360345 -0.7225072109 0.58728763785
1010 -0.13276483385 -0.79223565382 0.59612808308
1011 -0.45795644326 -0.63826266205 0.61829308053
1012 -0.53412233433 -0.50730525859 0.67722346072
1013 -0.66288945592 -0.29925090535 0.68932050219
1014 0.11491037672 -0.77283208319 0.62587330541
1015 0.59771972654 -0.56376504908 0.57051347603
1016 0.63404490576 -0.55994965122 0.53331793134
1017 0.47418744171 -0.64036686986 0.61014794524
1018 0.25533217657 -0.71299384218 0.65712374421
1019 -0.25850543176 0.31807091538 0.91306529835
1020 0.86873246177 -0.19663836433 0.45565127332
1021 0.27217400231 0.60077830359 0.75253358032
1022 0.49079542477 0.45470990509 0.74209651304
1023 0.42893203119 0.55341441752 0.71473200344
1024 0.34657762102 0.6067899286 0.71636645979
1025 0.5445188685 0.35009956972 0.76130269062
1026 0.56413294231 -0.017713286977 0.82758014949
1027 0.50969980586 0.26432000394 0.82056322043
1028 -0.37678190593 0.54806152245 0.74718652088
1029 -0.62928793684 0.36483112164 0.68621044959
1030 -0.64215664415 0.26004868421 0.72076367928
1031 0.16165966625 0.59779497566 0.7862102368
1032 0.090120325555 0.64716021985 0.75759423928
1033 0.052236027128 0.69320071229 0.71864709704
1034 -0.28151210222 0.5890224154 0.75840869661
1035 -0.16113672249 0.65939753766 0.73400318273
1036 -0.21824585378 0.64626735993 0.73150870201
1037 -0.71287116818 -0.032428207619 0.70066648199
1038 -0.40955971326 -0.64220021427 0.64762532954
1039 -0.30931753155 -0.75179003816 0.58255040581
1040 -0.35610379791 -0.69706588237 0.62138953706
1041 -0.1427589714 -0.74530344373 0.65134170317
1042 -0.25545182908 -0.72978517874 0.63336578015
1043 -0.45775143728 -0.55019441057 0.6983988268
1044 0.23507107029 -0.79220746595 0.5670481792
1045 -0.064361859413 -0.7640332405 0.6426939116
1046 0.6839145387 -0.44461059543 0.57782363963
1047 0.64509617194 -0.50990419877 0.5685731286
1048 0.83909201196 -0.26787037517 0.47323057192
1049 0.87642619663 -0.098700009438 0.47145238199
1050 0.81627929951 -0.13579610616 0.56212568497
1051 0.39739159966 0.35941370588 0.84768064526
1052 0.44761825924 0.13366608847 0.88500384991
1053 -0.53391453057 0.45575723102 0.71179209803
1054 -0.60138334739 0.33516672463 0.72528169188
1055 -0.60471046436 0.22197136175 0.76488690979
1056 0.34832050219 0.50951801946 0.78651535986
1057 0.20992493173 0.48256256404 0.85307550821
1058 -0.094521256541 0.63979957285 0.76270539814
1059 -0.047091202069 0.62575496907 0.77907495528
1060 0.055757097633 0.55408309235 0.83192060159
1061 0.60769354862 -0.30542738897 0.73335692899
1062 -0.23828326166 0.51267881783 0.82484481355
1063 -0.11737580532 0.5988967923 0.79216892469
1064 -0.18498807751 0.53995497914 0.82112861397
1065 -0.66321290364 0.029427127836 0.74745924137
1066 -0.65035519494 0.10179349196 0.75241740322
1067 -0.31107732061 -0.6716596095 0.67165528187
1068 -0.39305235477 -0.55738293275 0.73137179131
1069 -0.31738501345 -0.56237079782 0.76299260269
1070 -0.66117893072 -0.16180973337 0.73221000454
1071 -0.43914496605 -0.51518136141 0.73614253254
1072 -0.52570729945 -0.40076103724 0.75408118041
1073 -0.04914282271 -0.69858354078 0.71555568318
1074 0.50782753197 -0.48566834616 0.71650361207
1075 0.68265363 -0.41569282556 0.60096475973
1076 0.66230732745 -0.46669443384 0.58623591929
1077 0.32968879336 -0.61537221997 0.71978871602
1078 0.80720148222 -0.24715050055 0.53602607268
1079 0.72557264297 -0.40625063875 0.55400029458
1080 0.80936586467 -0.31999891655 0.49204332408
1081 0.70271682268 -0.36672801782 0.6096585789
1082 0.82386178702 -0.076528720746 0.56043679594
1083 0.66563124975 -0.35679770691 0.65544463985
1084 0.7925050613 -0.20569451677 0.57357282226
1085 0.75336142625 -0.25227272763 0.60786156686
1086 0.3749730217 0.18748991586 0.90997698513
1087 0.42354169731 0.0021739402204 0.90753166589
1088 -0.56008334527 0.36243057211 0.74496053381
1089 -0.52466637564 0.40572949947 0.74841275538
1090 -0.59049610846 0.26326651611 0.76289512673
1091 -0.53969802856 0.27923012683 0.79418851734
1092 -0.016402460602 0.55632797754 0.83138494586
1093 -0.44163475487 0.417113437 0.79342161742
1094 -0.3193578206 0.46394647721 0.8274431043
1095 -0.25405381514 0.46366371247 0.84857676307
1096 -0.65476195339 -0.02100239161 0.75543162679
1097 -0.30275065795 -0.63763094748 0.70817116059
1098 -0.22520510657 -0.67952948131 0.69843843557
1099 -0.3935618204 -0.51575351641 0.76099900911
1100 -0.62117681868 -0.21682836793 0.75295122079
1101 -0.64776756312 -0.080012151095 0.75696428294
1102 -0.61838048835 -0.042584754227 0.78474746014
1103 -0.57361642928 -0.2721201225 0.77288317312
1104 -0.54885797796 -0.23208978826 0.80306471563
1105 0.14847908253 -0.6030920438 0.78598762889
1106 0.081529873609 -0.68979548809 0.71902220794
1107 0.7845471652 -0.27624846871 0.55438115842
1108 0.69674783749 -0.30414068215 0.6496620673
1109 0.8170064296 -0.044292203255 0.5749295698
1110 0.63362831338 -0.34139894544 0.69363038914
1111 0.71184817555 -0.21050682304 0.67110523945
1112 0.63983650672 -0.25812783403 0.72411440289
1113 0.7525810177 -0.095981936114 0.65209306871
1114 -0.46502409588 0.31622353141 0.82755229291
1115 -0.48864899119 0.37070538893 0.78928106464
1116 -0.35438530214 0.34275932003 0.87105400629
1117 -0.54341900807 0.22378294619 0.80908927374
1118 -0.54609375067 0.17309429471 0.81963073643
1119 -0.55185200257 0.11101058235 0.82648407599
1120 0.064709377044 0.46143455625 0.88507347608
1121 -0.13747895371 0.48446241946 0.86553373152
1122 -0.57876766026 0.060249433488 0.81324771699
1123 -0.60202871988 0.0094271166512 0.79842546824
1124 -0.17305534035 -0.60110383219 0.78243518145
1125 0.0039795328914 -0.58221700105 0.81665543558
1126 -0.23317814672 -0.48517703904 0.84416293062
1127 -0.41740901167 -0.45923628022 0.78428210292
1128 -0.3620431813 -0.40264847436 0.84265374142
1129 -0.56274873295 -0.17012146076 0.80896089036
1130 -0.57090385963 -0.13713215563 0.80922926575
1131 -0.45297137125 -0.097053132699 0.8891300053
1132 -0.52957182033 -0.14210929962 0.83611487663
1133 -0.51284717843 -0.325586236 0.79482136671
1134 -0.47589762302 -0.27400182192 0.8357275241
1135 -0.51192048125 -0.18702636264 0.83843199974
1136 0.26533530487 -0.54250664445 0.79826157511
1137 0.3589781851 -0.46138801486 0.81103230419
1138 0.57702099871 -0.37358613245 0.72687756202
1139 0.61453993463 -0.17039880322 0.7717754727
1140 0.26124265125 0.28606179391 0.92252125793
1141 0.33158790725 -0.022980595575 0.94389401376
1142 0.32352859181 0.053999196066 0.94479031969
1143 0.26527784677 0.1120300256 0.95787992041
1144 -0.46255743211 0.066350280567 0.88359217333
1145 -0.50511031249 0.15020306658 0.84989199624
1146 0.1314232991 0.33897458534 0.93299437813
1147 -0.012532165954 0.39588623906 0.92008932342
1148 -0.14801648022 0.36879127012 0.91861030262
1149 -0.10320870989 -0.46938772772 0.87918108074
1150 -0.45783053253 -0.21860468061 0.86174666256
1151 0.5089090432 -0.38729695207 0.76940051806
1152 0.25975703589 -0.44682936928 0.85610517471
1153 0.57229808602 -0.26535584735 0.77592384609
1154 0.49704893725 -0.28209300865 0.82101844589
1155 0.22388357739 0.012692675604 0.97423525657
1156 0.18289895922 0.17773290319 0.96755935435
1157 -0.47637438371 0.11399166263 0.87183186344
1158 -0.20795399021 0.26798628089 0.94119900485
1159 -0.25553726819 -0.38400710564 0.88701236019
1160 -0.31796020914 -0.11900504443 0.94330772326
1161 -0.34918782042 -0.26037968534 0.90039120694
1162 0.16296813808 -0.44969379563 0.87989601909
1163 0.047034730641 -0.40747894058 0.91424553312
1164 0.42861401884 -0.36240385863 0.82785073542
1165 0.48086888683 -0.32967398574 0.81245344444
1166 0.34881627191 -0.39795885718 0.84843724421
1167 0.30624374649 -0.41082652357 0.85875124775
1168 0.52347510017 -0.1721204235 0.83579093699
1169 0.16059546013 0 0.98702031295
1170 -0.33510541359 0.24370772771 0.91026828997
1171 -0.30794862339 0.14705261281 0.94225048154
1172 0.076368513542 0.26244956295 0.96326919984
1173 -0.09713403248 0.27262115675 0.95577243783
1174 -0.13139969619 -0.30944830192 0.94496546533
1175 0.36310245664 -0.33019493633 0.87094419231
1176 0.44243626887 -0.22754299389 0.867457224
1177 0.090644989858 0 0.99588326917
1178 0.13773902546 0.079021939076 0.98681265835
1179 -0.22578960551 0.010752226779 0.97650314817
1180 -0.17873529997 0.1991594879 0.96350356213
1181 -0.19896446524 0.14241585821 0.96958349898
1182 0.016389845719 -0.28616213488 0.95951621524
1183 -0.24720237048 -0.26100295459 0.93371279386
1184 -0.2661099207 -0.1945176036 0.94469175742
1185 0.15458015104 -0.32327338556 0.93440732381
1186 0.4024381368 -0.24913409221 0.88088923689
1187 0.42968913112 -0.13253675472 0.89326860491
1188 0.0042376379848 -0.014038393721 0.99931793674
1189 0.027012784359 0.078205766298 0.99635890231
1190 -0.11520865676 0.16384998318 0.97949865815
1191 -0.029533949414 0.18504541376 0.98239970812
1192 -0.14590741573 0.093845354357 0.98495278131
1193 -0.19910279176 -0.21921582041 0.95486096383
1194 -0.14521946661 -0.12686959842 0.98219953008
1195 0.09527893265 -0.16201219058 0.98426556744
1196 0.22571493471 -0.26023017486 0.93957574811
1197 0.32619585433 -0.23689362847 0.91525581686
1198 0.33194233384 -0.14567513621 0.93169608002
1199 0.36862195204 -0.10791167569 0.92337500945
1200 -0.018441311944 0.082685997917 0.99629542396
1201 -0.069043854709 0.074205170789 0.99460386958
1202 0.24406771398 -0.12742208678 0.96233967975
1203 0.31419395376 -0.092579430288 0.94488582405
1204 -0.067169662157 -0.038592974031 0.99602259761
1205 0.26934822681 -0.051164171755 0.96138935492
1206 0.20214497262 -0.029604210591 0.97825006729
1207 0.1029041811 -0.046333119242 0.9934368364
1208 -0.47520592385 -0.15945256281 -0.86465623306
1209 -0.43862914819 -0.15233596893 -0.88566583843
1210 -0.39469158076 -0.15002639128 -0.90632552235
1211 -0.42230368914 -0.02587162423 -0.90606726801
1212 -0.55084503858 0.024148984882 -0.83397791312
1213 0.12284564875 0.37335781168 -0.92019100063
1214 -0.45486898715 0.12248776342 -0.88190560267
1215 -0.40811390052 0.27023598977 -0.87205881604
1216 -0.46416027367 -0.01978036307 -0.88552957752
1217 -0.50110368383 0.22432206499 -0.83549794034
1218 -0.45806425667 -0.33069213473 -0.82508934374
1219 -0.49296080302 -0.30302217352 -0.815589886
1220 -0.2998667578 -0.55974045811 -0.77250798653
1221 -0.2876074498 -0.60670720824 -0.74088121784
1222 -0.42436871196 -0.39817496802 -0.81325185106
1223 -0.33112355262 -0.44250693998 -0.83311926813
1224 -0.29726721491 -0.46698200389 -0.83255860973
1225 -0.85843110303 0.48081031932 -0.17870710287
1226 -0.87888292375 0.46988991772 -0.082102253782
1227 -0.92085134352 0.37689555629 -0.098657872591
1228 -0.90623503164 0.41131432946 -0.097977106464
1229 -0.94923329656 0.23458380805 -0.20945865798
1230 -0.90793149695 0.39378696266 -0.14360471881
1231 -0.83302650601 0.010007507642 -0.55320880703
1232 -0.83864395448 -0.083848383992 -0.53762112237
1233 -0.45493674731 0.16422646639 -0.87503501339
1234 -0.34998513183 0.55268908205 -0.75663949342
1235 -0.58442965881 0.21859425547 -0.78140897295
1236 -0.76861147042 0.051109133717 -0.63766149746
1237 -0.92780026923 0.18059086295 -0.32641071943
1238 -0.89314793547 0.19969591025 -0.40304577705
1239 -0.93920196551 0.19476938851 -0.28269140302
1240 -0.92757199514 0.34895444488 -0.13348757587
1241 -0.73581134825 0.034519773373 -0.67652210725
1242 -0.78615876298 0.011717852496 -0.61791850794
1243 0.57388290552 0.068511278506 -0.81603310378
1244 0.57896991468 0.013005816096 -0.81512443269
1245 -0.64003796062 0.74324153112 -0.19435322029
1246 -0.70144078758 0.7035489264 -0.11416637815
1247 -0.73697095968 0.66051708875 -0.14193740532
1248 -0.73718438431 0.66952731158 -0.088046696668
1249 -0.7459984946 0.6636510717 -0.055286084796
1250 -0.80839230045 0.58705276585 -0.036979615551
1251 -0.76746062008 0.63302634628 -0.10146286523
1252 -0.84228796067 0.51879213185 -0.14645137629
1253 -0.79303776199 0.59760576941 -0.11808216031
1254 -0.85207356571 0.51431301742 -0.096902602282
1255 -0.44493078466 0.26133613878 -0.85659625685
1256 -0.043133872194 0.73602597422 -0.67614693886
1257 -0.2863344968 0.57608776004 -0.76565177712
1258 0.16242268418 0.79817137668 -0.58011801388
1259 0.16938780225 0.75769056796 -0.63023335799
1260 -0.056942745021 0.97994150505 -0.18913763979
1261 -0.16699986464 0.98312843594 -0.074607545574
1262 -0.19819592053 0.97420512491 -0.1048408897
1263 -0.31204526241 0.76578552256 -0.56080444449
1264 -0.10268953308 0.64719774286 -0.75537011358
1265 -0.20643850899 0.64761125994 -0.73314176027
1266 0.18925952046 0.85969556194 -0.47446958616
1267 -0.40340889263 0.5272470469 -0.74742043394
1268 -0.46991513059 0.40844339412 -0.78270044266
1269 -0.38991362704 0.6950858945 -0.60444594106
1270 0.33897802464 0.8928050005 -0.2966437064
1271 0.2131829673 0.83430901167 -0.5083843551
1272 0.26164878393 0.85901775956 -0.43926935804
1273 0.42190931996 0.73351617731 -0.53272910071
1274 0.02809689769 0.73588584061 -0.67657001435
1275 -0.093220128788 0.99435218043 0.050679096383
1276 -0.16052561004 0.98532883703 0.057766101383
1277 -0.12935290665 0.99109487333 0.030873947827
1278 -0.18653275373 0.98193702504 -0.031584165424
1279 0.56481838329 0.21666236907 -0.79625456502
1280 0.73679683672 -0.25420293204 -0.62650890286
1281 0.68640916209 -0.19614180215 -0.7002770354
1282 0.4041186773 -0.26700505076 -0.87489898446
1283 0.36924062146 -0.29583273442 -0.88096318445
1284 0.433527941 -0.31301029133 -0.8448921458
1285 0.40447817789 -0.45291191413 -0.79451660957
1286 0.50464136882 -0.31369783268 -0.80391490203
1287 0.4813193173 -0.10542184973 -0.8701825976
1288 0.46712334897 -0.16192622628 -0.86924307639
1289 0.65565621706 -0.15987542818 -0.7381886276
1290 0.5053224149 -0.13399559501 -0.85248515132
1291 0.2229560019 -0.35817151992 -0.90634059069
1292 0.17004623193 -0.46120283692 -0.87097385817
1293 0.20115353921 -0.39410568851 -0.89678395073
1294 0.24879959589 -0.3906918065 -0.88626423796
1295 0.26361973418 -0.4265145879 -0.86523581546
1296 0.30235228627 -0.3522642008 -0.8856093925
1297 0.29088786656 -0.38674312204 -0.87512365203
1298 0.28599962084 -0.46836644447 -0.83563651124
1299 0.31473325655 -0.54564338677 -0.77590901439
1300 0.51386296523 -0.26300983672 -0.8165516903
1301 0.44174503548 -0.27093724203 -0.85524843896
1302 0.20752062999 -0.75027993464 -0.62770639295
1303 0.25774987506 -0.72877640112 -0.63439921272
1304 0.21522917238 -0.72377702796 -0.65560065145
1305 0.17098716491 -0.73656168133 -0.65435202733
1306 0.059405321171 -0.75290014803 -0.65547674099
1307 0.34009234585 -0.75635401556 -0.55876726537
1308 0.33963174294 -0.7811455096 -0.52387294615
1309 0.66202209839 -0.10700563952 -0.74139405818
1310 0.55211593766 0.4396047155 -0.70864962446
1311 0.54808301467 0.26658194559 -0.79280437251
1312 0.58058514072 0.3987391781 -0.70987866493
1313 0.57765133542 0.53843529775 -0.61478456848
1314 0.67700217248 0.69704825645 -0.23570316438
1315 0.84783281164 0.49707267904 -0.18541127079
1316 0.7801083616 0.55402874017 -0.29126725147
1317 0.47411334888 0.61760589557 -0.62751944876
1318 0.79056430502 0.38414346397 -0.47692756796
1319 0.90207782226 0.23600375611 -0.36136672148
1320 0.71600604121 0.21454818362 0.66430696676
1321 0.63022162751 -0.095227376153 -0.77055574319
1322 -0.14555159657 0.6662390534 -0.73137241367
1323 0.88030489215 -0.18087082181 -0.43855839584
1324 0.85827675987 -0.22819156275 -0.46024164591
1325 -0.12142986094 0.68686325613 0.71693262927
1326 0.82854209129 -0.2024112941 -0.52210106272
1327 -0.94768594766 0.0011515261718 -0.3192067854
1328 -0.92923742943 -0.08190484764 -0.36027522407
1329 -0.90990892617 0.0010795259721 -0.41479325576
1330 -0.92491211669 0.082416361293 -0.37103882307
1331 -0.95429445922 0.035651375802 -0.29675092461
1332 -0.9549203346 0.15546373364 -0.25020432019
1333 -0.89792454841 -0.032014039294 -0.43891728452
1334 -0.91428043407 -0.10287806757 -0.39181375959
1335 -0.95326301417 -0.15392623192 -0.25891181609
1336 -0.92842608609 -0.13001228812 -0.34802265129
1337 -0.2306747366 -0.96828722819 -0.098696561552
1338 -0.28598938673 -0.95085153904 -0.11870953487
1339 -0.27242650801 -0.77975547313 -0.56366720648
1340 -0.40708808567 -0.83384400979 -0.37279126903
1341 -0.37296887485 -0.8361928019 -0.40210145007
1342 -0.36717368883 -0.85766756822 -0.35997390848
1343 -0.39999424658 -0.85712583073 -0.32457555139
1344 -0.35807412516 -0.91568031328 -0.18430913288
1345 -0.14706872361 -0.81414043546 -0.56157659886
1346 -0.2715289729 -0.73772937633 -0.61812576269
1347 -0.21810226018 -0.97543424547 0.031101566321
1348 -0.20238207604 -0.97912095354 0.0037180802037
1349 0.091754679276 -0.98336115611 0.15679480677
1350 0.088154830941 -0.99399203204 0.064635445546
1351 -0.22883320413 -0.96047734222 0.16038427028
1352 -0.10355147163 -0.97206367746 0.21115690432
1353 -0.16738420204 -0.94594336345 0.27720702123
1354 -0.26120206009 -0.9209847333 0.28904538859
1355 0.018426613572 -0.99958978693 -0.023380945467
1356 -0.016296033951 -0.99977377721 0.016595029406
1357 0.17549556231 -0.98248441606 0.062516550264
1358 0.31114853061 -0.85725296924 -0.41024009644
1359 0.29675156706 -0.91699908391 -0.26658161428
1360 0.31526836709 -0.89894852244 -0.3041563185
1361 0.21594326903 -0.95310594784 -0.21190298315
1362 0.26705811369 -0.91353705377 -0.30686701288
1363 0.061985120855 -0.78090660859 -0.62157012036
1364 0.01515304102 -0.76073449484 -0.64892776288
1365 0.097175060789 -0.72880555137 -0.6778022617
1366 0.10444393472 -0.69970175473 -0.70682864778
1367 0.040607050223 -0.72679711933 -0.68566248562
1368 -0.018135518962 -0.74223498485 -0.66990867646
1369 -0.095355118612 -0.80885465686 -0.58017679371
1370 -0.100341046 -0.77131362547 -0.62847666901
1371 -0.021967758698 -0.76516029722 -0.64347322495
1372 0.14911681606 -0.98623702591 -0.071454771588
1373 0.34670379741 -0.82244085336 -0.45100708465
1374 0.39486950728 -0.79352488665 -0.46314099094
1375 0.25988742106 -0.8084844017 -0.52801890909
1376 0.42076011882 -0.86457754804 -0.27570626714
1377 0.37451674213 -0.8583855134 -0.35056255779
1378 0.11629903306 -0.89567998392 -0.42836883139
1379 0.2111599864 -0.97485090437 -0.071253193341
1380 0.24756870096 -0.96538467831 -0.076064018162
1381 0.22434037523 -0.96756983661 -0.11621732292
1382 0.20746726667 -0.96445223724 -0.16370258703
1383 0.79655720779 -0.59494536434 0.10743789535
1384 0.85141213396 -0.51480491008 0.1004871368
1385 0.47048451759 -0.86719431628 0.1645968191
1386 0.20127307642 -0.96958912049 0.13911814603
1387 0.26741817856 -0.95341622465 0.1396042945
1388 0.26628826728 -0.95874287853 0.099604255149
1389 0.26026342615 -0.95535121477 -0.13986220118
1390 0.16746598947 -0.98552380214 -0.029518450861
1391 0.20698135946 -0.97729403952 0.042490215589
1392 0.21535174703 -0.97259252932 0.087681921282
1393 0.18040570095 -0.97662408222 -0.11697632778
1394 -0.032489552176 -0.95780544326 0.28444765375
1395 0.026556082184 -0.9607594825 0.27644418977
1396 0.05851442244 -0.97732465861 0.20351655872
1397 -0.30493692126 -0.89927484936 0.31362449179
1398 -0.28719783893 -0.85737743768 0.42712935381
1399 -0.42775217572 -0.60164628266 0.67460611257
1400 -0.38767833669 -0.6186357884 0.68277221041
1401 -0.35030347968 -0.4819786245 0.80250739706
1402 -0.39077260776 -0.77490915165 0.4968109884
1403 -0.2889062524 -0.70929480087 0.64298119074
1404 -0.41660242994 -0.69765545123 0.58280906779
1405 -0.45801995602 -0.60253278995 0.65321112756
1406 -0.37251731744 -0.65894328952 0.65300890247
1407 0.36885840591 -0.20590244728 0.90582405514
1408 0.3849203382 -0.14376641765 0.91148087545
1409 0.40336136035 -0.19825923886 0.89330903458
1410 0.447120559 -0.30903903011 0.83915253915
1411 0.44002905795 -0.27489997368 0.85488514062
1412 0.51651592379 -0.33260426758 0.78901092523
1413 0.24595945626 -0.36832671968 0.89673888791
1414 0.32814622116 -0.36073196158 0.87276145506
1415 0.4164319139 -0.29960381851 0.85788755068
1416 0.31858578393 -0.28950283023 0.90243502414
1417 0.43078205155 -0.18153612531 0.88385428761
1418 0.61995673309 -0.48058703079 0.62000469699
1419 0.66735277021 -0.39379012698 0.63209950193
1420 0.73167435254 -0.31615452793 0.60387524219
1421 0.63085115662 -0.3955468895 0.66677725581
1422 0.63137460097 -0.59579356529 0.49601223163
1423 0.47241268978 -0.82843626507 0.30072151725
1424 0.40512029665 -0.8490098427 0.33920010406
1425 0.22248431256 -0.89034259867 0.39712242099
1426 0.28913823658 -0.894102926 0.34164426971
1427 0.18444372873 -0.92929719552 0.3194162676
1428 0.2708638055 -0.91325564743 0.30432827466
1429 0.35156734271 -0.91800891205 0.18409173764
1430 0.31997767161 -0.89541548768 0.30960478949
1431 0.64900976689 -0.71471955198 0.2619961734
1432 0.68107906866 -0.69724468353 0.22477277559
1433 0.65214962715 -0.58708590312 0.47979908177
1434 -0.387962197 -0.67642024555 0.62602758785
1435 -0.44367225915 -0.62492133962 0.64239925951
1436 -0.028093449264 -0.17352329302 0.98397574945
1437 -0.16731249258 0.73989878921 0.65110210469
1438 0.11219839705 -0.97153141914 0.20875061332
1439 0.65803655561 -0.53802768787 0.52628630251
1440 0.23714531446 -0.95807819893 0.16082493946
1441 0.23174285071 -0.94600107894 0.22654182114
1442 0.30430843137 -0.94583503449 0.11307720416
1443 0.3240203808 -0.90132380913 0.28581436122
1444 0.21613960414 -0.91482180181 0.34055525834
1445 0.25414680899 -0.96656531458 -0.019755773097
1446 0.55694157491 -0.31487224424 0.76852869076
1447 0.65390869631 -0.65778125312 0.37373495698
1448 0.73703705307 -0.65597101699 0.16282091549
1449 0.95710692767 -0.22851997492 -0.17809725306
1450 0.9568601424 -0.25160841738 -0.1452879249
1451 -0.46990883522 0.48431159474 0.73817009397
1452 0.88452859668 -0.46644260384 0.00040644683066
1453 0.89516980714 -0.44394970562 0.036118969044
1454 0.76992767446 -0.62547718947 0.12644392244
1455 0.9012340132 0.43113279136 0.046575048749
1456 0.80859773777 0.19137450354 0.55679739329
1457 0.77895837757 0.31661327516 0.54097117083
1458 0.79742752537 0.2952069291 0.52570636753
1459 0.75304858987 0.48169118696 0.44820120171
1460 0.81268693727 0.58292489279 0.017371776538
1461 0.74090979134 0.65113443252 0.16453264755
1462 0.64538871903 0.72877843786 0.22915723406
1463 0.9191135764 0.39157216593 -0.043614245111
1464 0.77905449116 0.61985894977 -0.092525116825
1465 0.90699656614 0.39513367947 -0.14341467928
1466 0.97532454298 -0.19634670436 -0.10095996414
1467 0.96737530229 -0.20596944144 -0.14633716156
1468 0.94895176988 -0.19856090663 -0.24491291187
1469 0.96541674606 -0.23676768244 -0.10907044163
1470 0.97043021119 -0.24113755577 -0.021429505522
1471 0.97689195532 -0.21083471271 -0.035376723275
1472 0.94575649259 -0.32436445779 -0.0065033490088
1473 0.94424377681 -0.32745262973 0.020954778417
1474 0.7531315993 0.14165063834 0.64383564287
1475 0.95735094656 -0.28895562099 -0.0027451495762
1476 0.94456310883 -0.26012225312 -0.19851496722
1477 0.98560807051 -0.12126896798 -0.11786358673
1478 0.953576469 -0.29811665223 -0.037514368661
1479 0.045371523935 -2.5677256676e-07 0.99847131183
1480 0.067606948142 0.046522487158 0.99650047161
1481 0.26823925696 0.037862958293 0.96267684722
1482 0.12569566737 1.1000235178e-07 0.99204508685
1483 0.041558162807 0.12605764677 0.99128244894
1484 0.19527893142 4.9938857183e-07 0.98069746315
1485 0.17080628918 0.029906671062 0.98465205268
1486 0.20379051016 0.051116811576 0.97772781526
1487 0.67987249245 0.34090575631 0.64880438114
1488 0.11931912442 0.70308775478 0.70100520222
1489 0.25111740998 0.69226615372 0.67658000217
1490 0.22153603744 0.75282528614 0.6198230033
1491 0.25315632594 0.72349204035 0.6422855868
1492 0.26540845065 0.74983931869 0.60609714576
1493 0.22902715973 0.66611098858 0.71001686034
1494 0.13192782118 -0.032556669251 0.99050251254
1495 0.61451448381 0.30486589896 0.72768585955
1496 0.152479024 -0.082012401758 0.98464846694
1497 0.016950551939 -0.056153574883 0.99727174697
1498 0.73637971219 0.25038414192 0.62828326672
1499 -0.39409336722 -0.22206408432 0.89168432359
1500 -0.57385364238 -0.037967226819 0.81748865049
1501 -0.40952943856 -0.25478895338 0.87608479982
1502 -0.57320545814 0.31223384409 0.75757002055
1503 -0.63914421405 0.31437790123 0.70161693863
1504 -0.51766544074 -0.27706872422 0.80945820013
1505 -0.50458841484 -0.23689912108 0.83020169159
1506 -0.43969014468 -0.31295219615 0.84186772398
1507 -0.38246842179 -0.31520458232 0.86866579636
1508 -0.62393877448 0.049247193648 0.77991797298
1509 -0.60393332886 0.098815440189 0.79086777598
1510 -0.48091535967 0.23519647902 0.84464240253
1511 -0.57682085919 0.19911843538 0.7922259001
1512 -0.42904330628 0.25508602813 0.86715285829
1513 -0.40311807484 0.16830793684 0.90002741636
1514 -0.4765081127 0.18945011881 0.85852516372
1515 -0.53816912205 0.33013705677 0.77545539041
1516 -0.59208885956 -0.20099745573 0.78041330082
1517 -0.60370430209 -0.1486301987 0.78323008141
1518 -0.64829335335 0.58595515162 0.48622029664
1519 -0.8360434313 0.51295242159 0.19476671743
1520 -0.75700445265 0.50611265529 0.41301746378
1521 -0.76357802421 0.55266882116 0.33395029007
1522 -0.71946935977 0.56758650124 0.40023550955
1523 -0.73842246143 0.53003955151 0.41685282137
1524 -0.76666171944 0.56581517951 0.30249792643
1525 -0.81223850922 0.54679803127 0.20314227619
1526 -0.78038981649 0.56663905226 0.26444145365
1527 -0.82952174603 0.53750787914 0.14961804728
1528 -0.78845123069 0.53932877502 0.29579156722
1529 -0.76243048963 0.63879776113 0.097534944468
1530 -0.74530399746 0.64851255124 0.15484585497
1531 -0.57419295823 0.47635839025 0.66537510015
1532 -0.462817142 0.66264970594 0.58840408696
1533 -0.5890237126 0.15098873283 0.79385673398
1534 -0.56986066114 0.23873469637 0.78629629304
1535 -0.61105730024 0.29580166709 0.73423543124
1536 -0.59154247689 0.37660748396 0.71291098452
1537 -0.51060617868 0.19804958129 0.83668650931
1538 -0.61136934139 -0.10108926558 0.78488874467
1539 -0.62832846387 -0.13579200025 0.76550453137
1540 -0.63651721475 0.0089074343866 0.77122551343
1541 -0.084687216408 0.9925283185 0.087590849857
1542 -0.024004338626 0.99971323328 0.0068013024457
1543 -0.038097065501 0.98348403558 0.17755884813
1544 0.33153815892 0.93248184851 -0.14383298564
1545 0.4115927306 0.88603948323 -0.21343734751
1546 0.35943948795 0.91313746418 -0.19149211921
1547 0.3128160682 0.94965052818 -0.0049675812401
1548 -0.066667686874 0.97379130477 0.21765224205
1549 -0.46267883366 0.83446857231 0.29919575647
1550 -0.52634994111 0.79570907157 0.29878654879
1551 -0.53163505554 0.77933116786 0.33062824318
1552 -0.55838535729 0.78383804669 0.27094396617
1553 0.0052874924263 0.99886510743 0.04090834021
1554 -0.22787819748 0.9665690652 -0.11767220009
1555 -0.2634767879 0.95921056507 -0.10243031443
1556 -0.21865572958 0.97323685566 -0.070777516889
1557 -0.54132703746 0.82777765845 -0.14752495098
1558 -0.41703569727 0.89398607055 -0.16379302439
1559 -0.29814940494 0.93808333962 -0.17636056597
1560 -0.30214871295 0.94484403166 -0.12638299845
1561 -0.5887010301 0.80723026 -0.039667023827
1562 -0.49505985312 0.86832573427 -0.010224988198
1563 -0.49818242913 0.86291622253 0.07784394233
1564 -0.51850204747 0.84901528323 -0.10006959853
1565 -0.60986870769 0.79252219919 -0.00076080572561
1566 -0.64475147913 0.75886736851 -0.091457812052
1567 -0.62766020365 0.76288923682 -0.15507790112
1568 -0.49694840713 0.85784186431 -0.1310969327
1569 -0.44363051976 0.87664060716 -0.1861802935
1570 -0.33214014393 0.93060421696 -0.15376787598
1571 -0.25934618915 0.95420468681 -0.14910021524
1572 -0.57970520582 0.80589392921 -0.12031178116
1573 -0.55880044122 0.82357410511 -0.096134566037
1574 0.28634046437 0.67751424846 0.67743756713
1575 0.5021654057 0.55350252775 0.66441854486
1576 0.44797680731 0.63361079477 0.63076186417
1577 0.008601441237 0.6229328186 0.78222512129
1578 0.010625062927 0.66973100014 0.74204526865
1579 0.56670083539 0.49164425842 0.66116230065
1580 0.51376309635 0.50479027495 0.6937074268
1581 0.30661815326 0.79803717802 0.51871569601
1582 0.39343616649 0.73173727954 0.55617194462
1583 0.43277150506 0.66511864069 0.60855060918
1584 0.32538216003 0.70954966808 0.62504683526
1585 0.41343969142 0.61673146639 0.66940796467
1586 0.20807113936 0.72291033274 0.65887572442
1587 0.15666391189 0.81674781689 0.55530243573
1588 0.36268929115 0.81818803785 0.44616777905
1589 0.31719457999 0.73990137244 0.59320575729
1590 0.5339419659 0.56421236726 0.6297539768
1591 0.57217659752 0.52847120247 0.62713489684
1592 0.68478158401 0.29800417537 0.66444920133
1593 0.64801944406 0.31784784602 0.69180633781
1594 0.61813523219 0.39518839497 0.67912868449
1595 -0.17383086508 0.5901840449 0.78830210985
1596 -0.06750096431 0.11952358965 0.99057614984
1597 -0.56976731328 0.40323517794 0.71580698594
1598 -0.59951177937 0.41349355318 0.68529017701
1599 -0.56887313335 0.44483597085 0.69176426186
1600 -0.087493055389 0.91176289012 0.40129986687
1601 -0.041943309958 0.92147756185 0.38619863886
1602 0.031192183036 0.82719057659 0.56105914483
1603 -0.14107065248 0.80949955619 0.56991659984
1604 -0.15390480417 0.78067472583 0.60571379924
1605 -0.077764294011 0.86110246952 0.50243462649
1606 -0.068275472125 0.89580406824 0.43920216706
1607 -0.1083214802 0.89255646746 0.43773617955
1608 0.022922675485 0.73918277195 0.67309140639
1609 0.15997016871 0.84165030664 0.51550913621
1610 0.10688152346 0.82014953215 0.56206026041
1611 -0.2483359909 0.80252862284 0.5426269839
1612 -0.12168723855 0.85564830977 0.50242636711
1613 -0.12727428191 0.7289341554 0.67264337931
1614 -0.075740106199 0.77285599331 0.6297095126
1615 -0.076041606283 0.9284452176 0.36361007762
1616 -0.17932107433 0.8840075439 0.43167241873
1617 -0.44537798139 0.71653780947 0.53728965663
1618 -0.29573970707 0.69254131882 0.65843119096
1619 -0.083916230329 0.70407342266 0.70511210414
1620 -0.059904786538 0.68082432323 0.73003923056
1621 -0.6870080536 0.50002881642 0.52661328363
1622 -0.49214082565 0.64020346014 0.5893625874
1623 -0.54764014099 0.65482552377 0.52080030035
1624 -0.63340454955 0.53431653862 0.55974084997
1625 -0.49638763636 0.72706025414 0.47429831838
1626 -0.49970655735 0.76654527637 0.4033461778
1627 -0.62811298912 0.41561031386 0.65738309519
1628 -0.59886566997 0.45438041702 0.65949177683
1629 -0.6341731562 0.45722062552 0.6235531644
1630 -0.59607656162 0.49112361631 0.63522211058
1631 -0.65993621332 0.53215138102 0.53039646256
1632 -0.58610008467 0.52714888492 0.6153058419
1633 0.20154551583 0.9524291225 0.23222584402
1634 -0.26563013475 0.87983463732 0.39328689451
1635 -0.49369861544 0.86174427968 0.11307149678
1636 0.48427051241 0.8561975909 0.18108020141
1637 0.33077498771 0.84958063135 0.41038886693
1638 0.17341025151 0.98455049922 0.0049718632293
1639 0.16789244187 0.98357648235 -0.054847718067
1640 0.35772874589 0.93360395834 -0.0093315558014
1641 0.50405886806 0.85558859538 0.11802098781
1642 -0.0030407566399 0.82998772854 0.55779037784
1643 0.12289236677 0.73060109401 0.67164034333
1644 -0.08667093952 0.73619594022 0.67049188668
1645 -0.029091486586 0.70715982564 0.70646379439
1646 0.20330293006 0.80980642025 0.55041174646
1647 -0.67349776087 0.57647447841 0.46194882694
1648 -0.72826963516 0.68529047262 -0.0036091333974
1649 -0.62528300936 0.76798166058 0.13489643818
1650 -0.77846172529 0.61085476116 0.14353114282
1651 -0.9608322951 0.0018137499188 -0.2771107184
1652 -0.9179030573 0.25337405316 -0.30542182508
1653 -0.96157513649 0.040058175319 -0.27113565761
1654 -0.93948825923 -0.17975390049 -0.29175056419
1655 -0.91861853936 0.050456785127 -0.39189146438
1656 -0.95232523117 -0.036920071889 -0.30283108099
1657 -0.97175309924 -0.092576066271 -0.21543498137
1658 -0.5992646843 0.78416270005 0.16115583069
1659 -0.74254797024 0.63175264181 0.22240165646
1660 -0.60463220738 0.76977416169 0.20222051946
1661 -0.58809249682 0.8081941761 0.031106765731
1662 -0.56704536432 0.82368894766 -0.00086355804318
1663 -0.47139762223 0.79298066576 0.38589214431
1664 -0.44419533598 0.88839205489 0.11643793924
1665 -0.55902565307 0.82254161869 0.10454168201
1666 -0.5337667678 0.83470257075 0.13553189422
1667 -0.6623724557 0.50399738614 0.55427944358
1668 -0.48970689588 0.7522254797 0.44084151779
1669 -0.57317728434 0.69913705753 0.42742466332
1670 -0.22456451122 0.83598241077 0.50009443838
1671 -0.89127734414 0.43796577708 -0.11755016428
1672 -0.79555130635 0.59609193216 0.10850551913
1673 -0.88347532629 0.46603925477 -0.040989744545
1674 0.66651232785 -0.4284616084 0.6097199746
1675 0.51392690907 0.74315202293 0.42798166489
1676 0.57137315344 0.76716962664 0.29053146673
1677 0.42460947444 0.73481393378 0.5289279051
1678 -0.12937333789 0.71274215947 -0.68938871319
1679 0.73134672973 0.60336649444 0.31730781998
1680 0.53569525673 0.71066758795 0.45536053084
1681 0.53825043356 0.83034929838 0.14428279524
1682 0.77933570565 0.61652163512 0.1129681034
1683 0.79924970586 -0.065177282283 0.59654497734
1684 0.64253960892 0.09509726807 0.76121006899
1685 0.81362154595 -0.26957911173 0.51428725413
1686 0.82025379051 -0.21852250672 0.52828449024
1687 0.72966568097 0.35446160802 0.58474418495
1688 0.68756377076 0.17903322432 0.70367630099
1689 0.57649973608 0.26244182388 0.77381246087
1690 0.62885748808 0.26123415424 0.73166402854
1691 0.73269389923 0.29036135158 0.61549265833
1692 0.54227705815 0.65704483135 0.52360652592
1693 0.58559328771 0.61823912753 0.52318915826
1694 0.60649231781 0.49758260029 0.62013932045
1695 0.62893189924 0.46161800421 0.62541203687
1696 0.35186628158 0.81362698371 -0.46323302093
1697 0.39365012448 0.90500417005 -0.1612906539
1698 0.38937851815 0.87275435579 -0.29446277992
1699 0.47087656296 0.685033228 -0.55589970291
1700 0.88208171643 0.47095696459 -0.0094862774688
1701 0.90799302093 0.40903291135 -0.090793821301
1702 0.33058915184 0.84097243357 -0.42804146282
1703 0.46610054056 0.78050439312 -0.41497220933
1704 0.78393525807 0.089644597165 0.61434127674
1705 0.72765578108 0.3283181552 0.60198085207
1706 0.81622396748 0.10419879438 0.56826595594
1707 0.97479350954 -0.14043728718 0.17325462217
1708 0.39823908688 -0.81613455384 -0.4187925815
1709 0.2657039604 -0.78451487287 -0.56029264757
1710 0.22229488911 -0.79870408591 -0.55919901194
1711 0.25872417187 -0.83744577661 -0.48135727442
1712 0.30114771937 -0.83706601554 -0.45674425011
1713 0.43460195969 -0.778977342 -0.45090003225
1714 -0.40615087598 0.20358852787 -0.89098252408
1715 0.3647182192 -0.84383015487 -0.39366418402
1716 -0.026226540435 0.064276012765 -0.99660939601
1717 0.0030973605858 0.071012742255 -0.99664213869
1718 -0.48144153455 0.18656386093 -0.85622500259
1719 0.2352510486 -0.40932531544 -0.88122593648
1720 -0.64515980095 0.17621363375 -0.74257880419
1721 0.45328800794 -0.2252150039 -0.86172213839
1722 0.44534496529 -0.19001111251 -0.8742299727
1723 0.43265580855 -0.24451662039 -0.86723265399
1724 0.48242882263 -0.26321999357 -0.83482576231
1725 0.50614291251 -0.22432953881 -0.83231767464
1726 0.47506639162 -0.19713011767 -0.85673524208
1727 0.49653874016 -0.20412556845 -0.84309461274
1728 0.49843619975 -0.24767192289 -0.83038954904
1729 -0.79842584684 0.013898333144 -0.60159867577
1730 -0.82963446485 -0.034613901147 -0.55624814616
1731 -0.82089784096 -0.013151553921 -0.57032295305
1732 -0.79861937501 -0.011181249548 -0.6009415676
1733 0.49785558811 -0.2785579074 -0.82098790357
1734 0.25038154567 0.84134604426 -0.47842764273
1735 0.24875055118 0.87134602078 -0.422930442
1736 0.22596866112 0.84404571055 -0.48551762066
1737 0.28819624199 0.85479297592 -0.43062499395
1738 -0.85105491823 -0.0057498218782 -0.52419280167
1739 -0.86233579848 -0.039972199021 -0.50392823667
1740 -0.83945231877 -0.013685103475 -0.54260647196
1741 -0.85159603201 -0.05797398949 -0.52038429384
1742 -0.85892246967 -0.021371803602 -0.51105792143
1743 0.42679504482 0.7786959398 -0.45914481713
1744 0.3865772743 0.79396231588 -0.46870541846
1745 -0.90980628372 0.1361341635 -0.39041518476
1746 -0.92037522725 0.11157985521 -0.37301134064
1747 -0.90131354835 0.13358191807 -0.41093245182
1748 -0.88250392071 -0.023283096046 -0.46906862622
1749 -0.87565071893 -0.073529780723 -0.47644361056
1750 -0.88595170438 -0.06142890214 -0.45881829515
1751 -0.86574288784 -0.062798737809 -0.49578086544
1752 -0.88720360136 -0.038405493317 -0.45912104639
1753 -0.87306932549 -0.026196551921 -0.48645449303
1754 -0.4844885212 0.79563514864 -0.3621237353
1755 -0.9170535757 0.20532556409 -0.34045986369
1756 -0.24534307875 -0.78673448106 -0.56605793958
1757 -0.27637649514 -0.79300382152 -0.5422386715
1758 -0.92233908364 0.14390864914 -0.35715236107
1759 -0.91978520467 0.17452691019 -0.35048346231
1760 -0.90327740474 0.16591071201 -0.39507347225
1761 -0.9303541482 0.1499726019 -0.33307961819
1762 -0.92378125287 -0.021005337136 -0.38127613227
1763 -0.93357864999 -0.018683444237 -0.35682537679
1764 -0.91936698821 0.002927548078 -0.39263890302
1765 -0.92853485262 -0.044464351557 -0.36761695879
1766 -0.90707910498 -0.062423550699 -0.41518974815
1767 -0.92398744247 -0.064345546048 -0.37617146917
1768 -0.91432319084 -0.022853359242 -0.40343048502
1769 -0.90833100196 -0.039400141875 -0.4154924994
1770 -0.91650894479 -0.074832156013 -0.39194073694
1771 -0.94259743226 -0.064175390675 -0.32651445534
1772 -0.9430090987 -0.020495466243 -0.33118649435
1773 -0.93378483959 -0.06202365315 -0.35172071369
1774 -0.94532874046 -0.039531265274 -0.32299864215
1775 -0.89667265143 -0.055037448117 -0.43861453327
1776 -0.90485059426 -0.090469462256 -0.41506277081
1777 0.32859044924 -0.8170968202 -0.47281394511
1778 0.28460063647 -0.82459928183 -0.48798904
1779 0.30581241022 -0.82440940129 -0.47568252785
1780 -0.92698850191 0.2012461803 -0.31565474997
1781 -0.93268935005 0.20833544308 -0.29379509177
1782 -0.93729471564 0.16406223936 -0.30623034749
1783 -0.94299556377 0.17115150214 -0.28437068928
1784 -0.96322963648 0.099307190051 -0.24744846235
1785 -0.92150722326 -0.15145301886 -0.35617296302
1786 -0.95696469162 -0.065314533577 -0.28022816849
1787 -0.95370256681 -0.10357752934 -0.28016863307
1788 -0.94510766474 -0.11719461449 -0.30335371466
1789 -0.93805002211 -0.084056585166 -0.33506896572
1790 -0.93764435044 -0.1081103054 -0.32894267933
1791 -0.94959392298 -0.06156419729 -0.30634689419
1792 -0.97110874498 0.10527912611 -0.21108698545
1793 -0.94532638976 0.21312020809 -0.24505193991
1794 -0.9518902357 0.21143411844 -0.22027670879
1795 -0.94687457017 0.19152690867 -0.25689308131
1796 -0.9376537851 0.21636268794 -0.27085026163
1797 -0.96380464365 -0.082683740225 -0.25053409418
1798 -0.95969599982 -0.040670408176 -0.27671235529
1799 -0.95194761677 -0.13456382113 -0.27365964035
1800 -0.93588940039 -0.1390965972 -0.32243368661
1801 0.34590373645 -0.87663539971 -0.33321984713
1802 0.31979473176 -0.86608523597 -0.38305230642
1803 0.32185465 -0.88693301257 -0.33001041745
1804 0.35147883752 -0.86665150805 -0.35321353709
1805 0.34657957605 -0.85937382879 -0.37476435021
1806 0.37990945143 0.91448670752 -0.13578158486
1807 0.29256781521 0.94821234297 -0.1199582338
1808 -0.51634029052 0.83843082951 -0.17077608156
1809 -0.49415097536 0.85346293244 -0.16256207242
1810 -0.95645771337 0.21975118197 -0.19036797643
1811 -0.60334398929 0.78455390242 -0.13948632006
1812 -0.64010879547 0.75834279174 -0.11953112962
1813 -0.62290483816 0.77710727698 -0.085428115803
1814 -0.63162997612 0.76822227856 -0.10227107358
1815 -0.62308433838 0.77023321272 -0.13408111812
1816 -0.67483453492 0.72935981746 -0.10787763879
1817 -0.65323029848 0.74898788168 -0.10871786809
1818 -0.250025729 0.96502026401 -0.07477968932
1819 -0.22044303793 0.97436956227 -0.030173447055
1820 -0.5380411974 0.84206077085 -0.025348683485
1821 -0.55872054575 0.82856558937 -0.025152248206
1822 -0.65240713038 0.75456190849 -0.062182465542
1823 -0.61858495545 0.78457978226 -0.029266351109
1824 -0.54636601597 0.83718412914 -0.001059993322
1825 -0.874235872 0.47300990887 -0.10650178648
1826 -0.86083119299 0.49522145871 -0.11390196073
1827 -0.81132375716 0.57596931067 -0.095419673973
1828 -0.82713850055 0.5538965816 -0.090787883721
1829 -0.83660088728 0.53637073092 -0.10735430215
1830 -0.66113226833 0.74567691007 -0.079025423321
1831 -0.84839493238 0.52592941647 -0.051878009666
1832 -0.87126199813 0.48619201594 -0.061044253849
1833 -0.85785731911 0.50840356579 -0.068444428099
1834 -0.88804655051 0.45244413696 -0.079066447371
1835 -0.89424376071 0.43648206664 -0.096790402617
1836 -0.89364846075 0.44444299559 -0.058677441191
1837 -0.099493283656 0.98853147516 0.11087705001
1838 -0.56778913509 0.82071199016 0.05770143794
1839 -0.60550814372 0.79318599023 0.060622620421
1840 -0.61324931149 0.78483329775 0.083188955973
1841 -0.61659751351 0.78634681042 0.026117295619
1842 -0.60570940807 0.79418279888 0.042051081347
1843 -0.78861363587 0.61109962182 -0.064047392681
1844 -0.81733404887 0.57143744785 -0.068401555669
1845 -0.78448996278 0.6132682616 -0.087248105576
1846 -0.76863015679 0.63836277645 -0.031985227489
1847 -0.76085323043 0.64617006921 -0.055173762118
1848 -0.78494612993 0.61796775463 -0.039009867119
1849 -0.77158429318 0.6308577065 -0.078262152335
1850 -0.84261117899 0.5318388681 -0.08033618385
1851 -0.75377542095 0.65584377895 -0.032097550167
1852 -0.068419912449 0.98606750751 0.14859298529
1853 0.92618392972 -0.30984408283 -0.21284118054
1854 -0.59543113588 0.79784786633 0.090816179431
1855 -0.58789123246 0.80719736745 0.049678304805
1856 -0.57335781059 0.81437108875 0.086395762945
1857 -0.58556291372 0.79928290753 0.13224185342
1858 -0.60121849398 0.78682893695 0.13726917284
1859 -0.58109897836 0.80601839627 0.1089620985
1860 0.097406801068 -0.99457245362 0.027871644436
1861 0.21530506557 -0.97523129952 -0.037360403744
1862 -0.57111868147 0.80067190606 0.17862179033
1863 -0.58360910404 0.79661667063 0.15612851127
1864 -0.52765014538 0.82173493918 0.21278048676
1865 -0.49919888193 0.82789407496 0.25369839411
1866 -0.48201409664 0.82955463623 0.28091164287
1867 -0.4594178233 0.85502281951 0.23857897933
1868 -0.48298804584 0.84218320591 0.23805950367
1869 0.33928464089 -0.92960350676 0.13981823498
1870 -0.58677426173 0.78821793548 0.18364910975
1871 -0.509229835 0.81597869721 0.27169025378
1872 -0.51020378421 0.82860726689 0.22883811458
1873 -0.76225823699 0.60778231452 0.22036968889
1874 -0.7786805954 0.5921204975 0.20571424948
1875 -0.13281186573 -0.9748528115 0.17662493285
1876 -0.017010834173 -0.97609127135 0.21380374215
1877 -0.047459139831 -0.97329094151 0.22219671678
1878 0.78448409832 0.33805505579 0.51899509468
1879 -0.501488128 0.77827839091 0.37675716507
1880 -0.48733366044 0.79149608561 0.36803014832
1881 -0.80099610272 0.54960661561 0.23547162041
1882 -0.80052143938 0.55999978053 0.21250280476
1883 -0.79390702923 0.57238500267 0.20429898636
1884 -0.086611768143 -0.9608713686 0.26063254971
1885 -0.021297531894 -0.96867507968 0.2453800237
1886 0.055470308537 -0.96891266592 0.23844263207
1887 0.011504371077 -0.97681946974 0.21223576083
1888 0.033832598102 -0.97440003407 0.22025180389
1889 0.35278365701 -0.88657816297 0.29725923172
1890 0.75564969458 0.33691288954 0.56078978308
1891 0.74418874085 0.35798873645 0.56331415018
1892 0.70706824078 0.38243290128 0.59362628784
1893 0.72535433017 0.37811461941 0.57462364235
1894 -0.47814915643 0.77434048255 0.41367061204
1895 -0.46399468887 0.78755817725 0.40494359529
1896 -0.77118904433 0.52639061777 0.35666594624
1897 -0.78207569584 0.5034489178 0.36607372027
1898 -0.77721513148 0.53134586514 0.33613876153
1899 -0.78965173472 0.52467584207 0.31705940011
1900 -0.16799741339 0.86628560647 0.46955788975
1901 -0.18865954373 0.84154069971 0.50518848145
1902 -0.27058572392 0.855803407 0.43994566948
1903 0.75374215191 0.27632530381 0.5956982684
1904 0.74112663469 0.33338576111 0.58221981786
1905 0.74264074382 0.30133563289 0.59759405455
1906 0.70345902276 0.34006685369 0.62347720772
1907 0.71137959159 0.35877988989 0.60374683044
1908 -0.5407362996 0.70949496987 0.45092380535
1909 -0.51425329285 0.72817379394 0.45221138792
1910 -0.51591275334 0.74791630505 0.41673531763
1911 -0.70828301417 0.54040326227 0.45344746904
1912 -0.68829402707 0.5563940672 0.46468791578
1913 -0.71925456035 0.54592775715 0.42879217224
1914 -0.13032998224 0.83081090488 0.53996826854
1915 -0.11091344255 0.81760217056 0.56444221732
1916 0.39706189719 0.75155673506 0.52643668985
1917 0.70767136037 0.28867224483 0.6445176664
1918 0.72146107952 0.27907437298 0.63327423423
1919 0.71890418008 0.29995922343 0.6267360905
1920 0.71382454331 0.31703553561 0.6242049395
1921 -0.69649038196 0.53498136667 0.47740386171
1922 -0.72745091524 0.52451505663 0.44150811817
1923 -0.70315463765 0.51424804686 0.49026110075
1924 -0.68316565055 0.53023885179 0.50150154748
1925 -0.6682188041 0.54156177631 0.5095203855
1926 -0.26946001063 0.73536204913 0.62124691233
1927 -0.60927671979 0.53211770262 0.58691440285
1928 -0.21196152691 -0.82770063321 0.51841828887
1929 -0.62960126816 0.51896437632 0.57767094195
1930 -0.62802154011 0.48156962487 0.61069451539
1931 -0.61093727419 0.49736791516 0.61541157225
1932 -0.64408522123 0.50380480008 0.57494023876
1933 0.66789753078 -0.50288243772 0.54825293799
1934 -0.27244834079 -0.69406739429 0.66568419195
1935 -0.60610332339 -0.18105853429 0.77388154312
1936 -0.59710694856 -0.057457292292 0.79953854312
1937 -0.61365421999 -0.072251771328 0.78570112783
1938 -0.55669974673 -0.20179577267 0.80523021395
1939 -0.5303892296 -0.20955807545 0.82074835769
1940 -0.53823099838 -0.17926405986 0.82291385601
1941 -0.5841229088 -0.16006597789 0.79531289684
1942 -0.59167848826 -0.10046075726 0.79936991684
1943 -0.58836447155 -0.13715291026 0.79653526582
1944 -0.0078453680368 0.039428343814 -0.99806260055
1945 -0.86547824473 0.49210146757 -0.089502428032
1946 -0.88508013395 0.4539278474 -0.099826209028
1947 -0.90708326429 0.40255064606 -0.12079091264
1948 -0.89875618789 0.42464005327 -0.10776363537
1949 -0.89960442054 0.41587636987 -0.13057744154
1950 -0.93350111737 0.18768012573 -0.30455106122
1951 -0.75672955734 0.64833870899 -0.078374475014
1952 -0.8476559981 0.51601018667 -0.12075034252
1953 0.22497656755 -0.3923987475 -0.89152409435
1954 -0.95000558942 -0.017884272859 -0.31101893319
1955 -0.92175893175 -0.092391457605 -0.37604449183
1956 -0.92883175776 -0.10595856788 -0.35414893768
1957 -0.92135326008 -0.11644517784 -0.36991820544
1958 0.075134550858 -0.98034290736 0.18015568275
1959 0.049847779401 -0.98211005682 0.17973326964
1960 0.32892616401 -0.8398469113 -0.43062359054
1961 0.30614812499 -0.84715949239 -0.43349217328
1962 0.3379333749 -0.85054156205 -0.40195214023
1963 0.32392575839 -0.82975343445 -0.45387566738
1964 0.3557110083 -0.83313550411 -0.42233563433
1965 0.036186195416 -0.97974409428 0.19550051567
1966 0.3956905915 -0.17629985611 0.9009783042
1967 0.40558287785 -0.15545791391 0.90054611948
1968 0.29542073855 -0.90433556755 0.30696653207
1969 0.96280649565 -0.22633912096 -0.14523481668
1970 0.96113844423 -0.24418804991 -0.12717918326
1971 0.95804490469 -0.25826291818 -0.12245925789
1972 0.96708479747 -0.21891875349 -0.12712607505
1973 0.59387301852 0.29561548241 0.74755497906
1974 -0.60631612686 -0.12527449357 0.78494243846
1975 -0.82100712828 0.54164170726 0.17834446795
1976 -0.77601462745 0.54599879809 0.31487092864
1977 -0.80562409908 0.55918325341 0.19493845779
1978 0.37134194442 0.91460345584 -0.15815148599
1979 -0.24567749269 0.96288981513 -0.11005125726
1980 -0.22326696353 0.96990296043 -0.09422485849
1981 -0.24361219331 0.960386876 -0.13338620767
1982 -0.26141148853 0.95670762594 -0.12576526484
1983 -0.52991429301 0.83883773332 -0.12076629308
1984 -0.5191377223 0.84280976138 -0.13931094184
1985 -0.5996860358 0.79971852651 -0.018967263686
1986 -0.59898060225 0.80035818764 0.015172980003
1987 -0.588457036 0.80810557342 -0.00081218188439
1988 -0.67488305978 0.5208284565 0.52237762454
1989 -0.64788850262 0.51915696238 0.55701014677
1990 -0.48555208979 0.77976297106 0.39461916106
1991 -0.49470672661 0.75938537803 0.42209384779
1992 -0.61455538172 0.45695372637 0.64263988684
1993 -0.5974711158 0.47275201666 0.6473569437
1994 -0.61316082754 0.47532532601 0.63050505371
1995 -0.66115433451 0.51807438358 0.54233795307
1996 0.17352736747 0.98436271234 -0.015669163427
1997 -0.95657876313 -0.017553160985 -0.28997089969
1998 -0.57756893057 0.81594156188 0.015121603844
1999 0.72761426246 0.30743766376 0.61296150734
2000 0.27993594562 -0.83725589608 -0.46905076227
