1 1 876 978
2 731 982 729
3 731 270 982
4 23 726 33
5 334 940 871
6 587 624 608
7 64 35 34
8 1 2 3
9 63 84 61
10 334 361 729
11 730 274 273
12 174 176 154
13 732 888 125
14 170 898 900
15 196 903 905
16 186 239 212
17 730 241 274
18 739 124 886
19 15 6 156
20 331 330 304
21 329 938 742
22 356 939 937
23 258 782 932
24 151 167 174
25 278 246 275
26 286 315 253
27 334 941 940
28 83 103 104
29 83 81 103
30 728 980 936
31 104 162 119
32 80 117 138
33 140 96 116
34 106 44 85
35 48 80 81
36 2 47 92
37 544 618 597
38 208 178 129
39 133 92 750
40 37 752 36
41 65 877 753
42 65 755 877
43 114 881 885
44 10 61 44
45 155 177 153
46 8 11 1
47 93 879 66
48 156 6 133
49 536 533 811
50 88 111 110
51 866 999 847
52 207 21 16
53 207 260 21
54 483 484 454
55 609 973 853
56 568 592 569
57 202 906 914
58 201 200 908
59 765 169 858
60 197 199 766
61 196 905 895
62 149 733 887
63 203 172 899
64 221 921 922
65 191 190 248
66 107 173 190
67 217 247 216
68 217 195 218
69 866 977 607
70 191 248 282
71 734 29 40
72 473 508 509
73 281 339 369
74 579 554 604
75 774 289 292
76 255 225 256
77 146 776 151
78 290 782 291
79 287 256 225
80 448 390 478
81 865 948 351
82 317 784 345
83 22 28 55
84 474 963 956
85 475 509 510
86 615 614 596
87 647 793 646
88 722 715 714
89 448 478 516
90 575 601 576
91 547 616 546
92 475 510 789
93 698 810 705
94 791 962 798
95 297 322 376
96 443 441 442
97 512 574 513
98 550 574 600
99 416 390 346
100 708 687 696
101 448 549 514
102 234 183 161
103 653 456 457
104 496 965 459
105 350 322 299
106 320 71 143
107 801 454 486
108 426 427 428
109 780 177 155
110 429 405 428
111 701 683 690
112 369 388 368
113 438 413 411
114 461 429 816
115 573 470 572
116 342 439 341
117 660 636 661
118 665 647 646
119 863 302 327
120 834 994 993
121 674 691 675
122 810 661 672
123 862 947 945
124 713 719 707
125 560 811 534
126 463 464 432
127 589 563 608
128 430 861 461
129 815 499 533
130 624 663 800
131 533 429 534
132 810 672 705
133 698 691 810
134 425 860 951
135 370 345 799
136 296 307 243
137 261 295 296
138 426 953 427
139 309 275 825
140 747 338 311
141 364 338 746
142 829 246 278
143 215 188 237
144 325 934 324
145 305 304 740
146 491 398 421
147 492 491 488
148 215 162 188
149 581 553 525
150 642 692 620
151 857 1000 763
152 558 527 839
153 250 920 930
154 202 915 908
155 859 925 916
156 765 767 171
157 454 484 551
158 208 228 227
159 485 265 236
160 551 399 265
161 539 541 842
162 593 594 843
163 199 858 766
164 169 148 147
165 434 435 409
166 148 902 894
167 515 483 487
168 463 812 817
169 814 816 499
170 463 818 820
171 589 973 847
172 537 969 848
173 849 957 995
174 609 976 975
175 562 972 846
176 435 468 410
177 383 338 409
178 489 490 418
179 374 348 347
180 348 321 347
181 744 275 189
182 407 363 336
183 379 946 943
184 358 357 330
185 738 983 919
186 283 273 335
187 242 213 241
188 240 928 926
189 736 903 918
190 220 199 197
191 251 921 250
192 169 171 148
193 765 911 767
194 201 909 767
195 763 985 914
196 764 986 910
197 250 930 857
198 461 861 429
199 305 740 933
200 536 815 533
201 379 948 946
202 834 993 944
203 268 269 833
204 865 351 326
205 461 816 818
206 860 855 952
207 738 919 929
208 496 964 965
209 460 427 424
210 269 310 326
211 402 326 378
212 426 402 953
213 401 400 865
214 563 588 560
215 609 977 974
216 532 498 970
217 537 534 868
218 541 540 503
219 870 270 328
220 462 960 955
221 728 333 871
222 728 979 333
223 329 742 303
224 328 727 742
225 249 342 314
226 342 412 472
227 221 924 923
228 284 341 223
229 315 412 342
230 323 236 265
231 350 323 422
232 521 525 553
233 553 580 524
234 336 337 308
235 745 231 229
236 180 231 179
237 158 182 209
238 179 157 180
239 362 335 306
240 549 603 578
241 576 796 603
242 549 484 515
243 443 480 449
244 446 393 288
245 380 855 359
246 585 606 586
247 258 291 782
248 781 316 257
249 174 225 226
250 236 266 184
251 234 232 183
252 183 142 161
253 183 160 142
254 143 394 485
255 89 111 755
256 90 113 91
257 92 47 66
258 778 773 989
259 258 932 773
260 271 212 270
261 399 634 621
262 742 727 303
263 349 406 336
264 328 270 727
265 433 465 406
266 100 118 76
267 838 501 433
268 565 610 594
269 564 837 501
270 725 17 32
271 33 60 32
272 144 118 185
273 743 979 328
274 731 306 272
275 730 273 927
276 271 272 241
277 149 887 893
278 170 900 892
279 836 843 613
280 734 54 41
281 124 86 101
282 739 86 124
283 187 102 186
284 78 86 46
285 264 234 299
286 739 886 889
287 102 101 79
288 435 467 844
289 7 28 22
290 299 235 350
291 156 14 15
292 304 185 740
293 331 304 305
294 262 233 298
295 743 328 742
296 54 40 55
297 308 244 243
298 831 189 246
299 505 869 542
300 116 94 137
301 57 58 42
302 68 13 116
303 67 12 13
304 48 43 67
305 745 229 214
306 157 96 140
307 80 138 103
308 141 98 160
309 48 68 95
310 747 309 746
311 139 163 138
312 138 145 103
313 544 597 545
314 472 544 545
315 89 757 112
316 131 129 110
317 114 883 878
318 133 6 92
319 10 31 11
320 754 756 752
321 754 752 984
322 89 755 65
323 114 885 882
324 93 880 878
325 114 758 881
326 153 130 132
327 135 129 178
328 521 553 524
329 750 92 66
330 13 49 116
331 492 344 555
332 26 38 39
333 523 418 455
334 759 97 69
335 605 582 99
336 27 16 21
337 420 376 398
338 406 374 433
339 207 16 751
340 19 4 6
341 25 748 26
342 649 597 618
343 39 4 26
344 181 233 210
345 346 288 316
346 583 556 586
347 456 528 802
348 127 126 150
349 46 86 127
350 764 915 923
351 197 766 896
352 220 283 222
353 335 362 286
354 127 150 46
355 767 917 901
356 201 912 909
357 252 931 285
358 457 399 621
359 108 198 249
360 418 490 374
361 651 795 578
362 195 191 218
363 838 433 490
364 469 470 312
365 385 313 437
366 473 509 475
367 411 413 339
368 289 256 318
369 146 151 775
370 120 164 121
371 780 174 226
372 292 317 319
373 290 259 782
374 224 167 287
375 478 390 416
376 391 370 417
377 386 414 772
378 415 387 787
379 785 343 788
380 785 788 784
381 513 511 512
382 474 790 962
383 546 574 510
384 573 508 506
385 792 793 629
386 679 647 680
387 649 632 597
388 723 688 715
389 694 703 794
390 149 893 891
391 42 30 57
392 410 436 383
393 708 715 687
394 651 654 795
395 481 797 550
396 448 518 549
397 390 448 446
398 468 436 410
399 617 629 630
400 546 510 509
401 600 546 599
402 516 519 577
403 520 550 519
404 518 517 575
405 480 548 797
406 548 513 574
407 417 370 799
408 340 471 412
409 577 575 517
410 562 811 972
411 851 997 850
412 320 260 761
413 393 483 451
414 153 204 152
415 840 635 658
416 297 298 322
417 350 398 322
418 824 625 636
419 633 650 641
420 523 489 418
421 265 486 454
422 530 458 495
423 71 373 143
424 801 453 392
425 699 706 620
426 537 848 559
427 699 692 712
428 676 710 718
429 812 432 423
430 704 723 722
431 709 720 805
432 720 709 722
433 720 702 805
434 369 339 388
435 388 445 389
436 474 961 790
437 791 963 962
438 650 694 641
439 670 528 653
440 524 580 522
441 669 619 600
442 619 669 650
443 792 632 646
444 397 872 418
445 439 367 341
446 522 552 501
447 684 682 683
448 595 637 645
449 618 685 649
450 668 693 685
451 647 665 680
452 673 661 810
453 539 466 465
454 701 711 719
455 463 958 818
456 535 813 966
457 816 429 499
458 462 958 959
459 431 960 991
460 431 991 990
461 464 495 432
462 430 821 861
463 248 313 770
464 660 661 673
465 620 672 663
466 535 814 499
467 595 544 471
468 595 644 544
469 637 809 645
470 530 813 561
471 649 685 686
472 102 79 76
473 668 648 681
474 309 825 337
475 825 275 308
476 267 830 211
477 829 828 246
478 325 324 832
479 834 832 994
480 305 933 835
481 463 432 812
482 268 267 276
483 828 310 277
484 828 277 992
485 830 300 211
486 622 676 640
487 677 676 692
488 764 987 986
489 581 604 580
490 803 611 610
491 221 922 924
492 623 605 99
493 527 557 839
494 537 868 969
495 711 717 716
496 673 691 674
497 699 712 706
498 867 996 496
499 57 873 82
500 433 502 465
501 504 844 967
502 544 412 471
503 639 640 677
504 639 628 638
505 24 32 17
506 28 12 42
507 8 1 978
508 5 875 876
509 51 39 38
510 870 981 982
511 870 941 981
512 13 3 4
513 728 871 940
514 333 360 871
515 382 360 356
516 627 543 628
517 60 46 724
518 730 927 242
519 272 335 274
520 272 274 241
521 271 241 212
522 126 125 888
523 79 45 77
524 124 102 147
525 78 79 101
526 739 889 127
527 330 355 741
528 329 354 937
529 743 742 938
530 329 303 741
531 743 938 939
532 316 288 254
533 95 96 117
534 731 272 271
535 204 205 779
536 104 244 744
537 870 980 941
538 870 328 980
539 2 92 4
540 274 335 273
541 93 66 47
542 309 337 746
543 27 38 748
544 37 11 31
545 754 984 877
546 130 757 91
547 128 890 881
548 114 884 883
549 460 424 864
550 750 66 879
551 232 233 181
552 207 751 178
553 852 847 999
554 852 588 847
555 91 65 31
556 294 371 71
557 589 853 973
558 200 763 906
559 197 896 905
560 220 197 219
561 340 315 286
562 168 169 147
563 172 150 733
564 767 901 171
565 251 931 921
566 312 313 248
567 165 904 192
568 247 279 216
569 107 108 173
570 776 194 167
571 217 218 247
572 591 530 561
573 609 607 977
574 469 312 367
575 438 411 437
576 473 475 476
577 413 388 339
578 290 257 259
579 31 44 90
580 166 121 164
581 40 22 55
582 543 762 628
583 393 446 487
584 379 942 948
585 415 787 786
586 368 386 777
587 473 476 771
588 379 947 942
589 55 28 75
590 401 402 426
591 871 360 361
592 630 664 614
593 334 871 361
594 15 16 27
595 601 796 576
596 615 630 614
597 512 798 962
598 514 446 448
599 293 228 175
600 375 263 297
601 864 459 965
602 233 264 298
603 453 801 486
604 451 483 452
605 531 587 845
606 262 298 297
607 454 801 452
608 373 372 392
609 718 717 692
610 689 710 676
611 426 428 425
612 345 319 317
613 805 719 716
614 476 961 956
615 777 783 788
616 289 255 256
617 121 90 44
618 142 98 72
619 547 614 616
620 617 507 598
621 793 630 629
622 599 546 616
623 259 254 779
624 268 833 830
625 545 597 507
626 319 370 346
627 665 649 680
628 834 944 332
629 675 690 678
630 379 943 947
631 400 949 865
632 662 636 658
633 716 719 711
634 428 497 429
635 606 687 657
636 813 815 561
637 462 955 461
638 644 595 645
639 667 807 666
640 404 429 861
641 675 678 809
642 261 296 826
643 243 214 296
644 403 427 953
645 829 311 310
646 361 360 362
647 245 237 188
648 277 276 245
649 301 324 934
650 301 934 935
651 267 211 215
652 399 323 265
653 804 552 554
654 249 198 252
655 859 985 1000
656 221 925 920
657 764 910 915
658 221 913 925
659 716 717 718
660 200 858 199
661 841 467 435
662 842 503 467
663 201 911 200
664 592 593 567
665 568 502 837
666 570 594 592
667 171 897 148
668 170 892 902
669 676 677 640
670 826 230 261
671 609 974 973
672 532 848 969
673 460 864 957
674 635 840 850
675 822 998 976
676 852 846 972
677 841 434 466
678 403 954 378
679 567 541 569
680 857 199 220
681 803 565 564
682 407 336 406
683 196 737 903
684 821 381 404
685 404 381 359
686 380 359 946
687 430 856 821
688 331 325 332
689 736 918 983
690 250 857 222
691 250 222 253
692 738 929 928
693 187 213 903
694 221 920 921
695 201 767 911
696 200 907 858
697 203 917 909
698 859 916 985
699 768 912 986
700 859 1000 930
701 865 950 948
702 862 945 993
703 267 268 830
704 403 378 424
705 380 949 855
706 849 995 964
707 862 863 942
708 609 975 607
709 866 607 846
710 589 608 853
711 866 847 977
712 864 424 459
713 848 867 496
714 240 273 283
715 731 729 306
716 743 939 979
717 333 356 360
718 198 987 924
719 249 315 342
720 439 342 472
721 367 440 545
722 223 341 367
723 350 235 236
724 857 763 199
725 455 420 419
726 286 222 283
727 323 456 422
728 525 419 492
729 622 623 676
730 670 653 621
731 93 47 749
732 670 655 654
733 585 586 528
734 524 522 489
735 523 524 489
736 421 398 350
737 180 157 136
738 159 181 182
739 263 180 209
740 528 670 585
741 585 670 687
742 874 526 527
743 586 802 528
744 415 799 387
745 319 345 370
746 423 819 812
747 161 142 143
748 556 529 802
749 9 7 22
750 65 37 31
751 855 405 359
752 10 8 9
753 151 174 154
754 204 779 254
755 259 988 932
756 5 876 3
757 7 5 3
758 2 4 3
759 28 7 12
760 118 144 76
761 468 504 869
762 34 724 62
763 565 837 564
764 136 140 137
765 568 538 502
766 261 230 263
767 270 239 727
768 728 936 979
769 362 306 361
770 126 888 887
771 77 45 54
772 76 56 75
773 75 100 76
774 196 895 737
775 144 186 102
776 738 928 219
777 86 78 101
778 124 101 102
779 53 28 52
780 74 735 73
781 329 741 354
782 612 593 843
783 20 15 27
784 80 95 117
785 95 68 96
786 80 48 95
787 623 657 656
788 104 119 82
789 668 618 648
790 137 140 116
791 136 157 140
792 74 82 119
793 344 582 555
794 139 138 117
795 374 349 348
796 180 158 209
797 109 108 107
798 44 120 121
799 46 150 108
800 873 83 82
801 747 746 338
802 863 327 351
803 307 336 243
804 27 748 25
805 260 227 228
806 294 228 293
807 130 131 757
808 750 879 883
809 230 231 180
810 135 134 885
811 114 882 884
812 154 132 113
813 130 153 152
814 745 163 179
815 525 492 555
816 27 50 38
817 210 262 209
818 493 529 526
819 556 839 557
820 802 586 556
821 178 751 134
822 141 70 98
823 27 70 50
824 375 347 263
825 26 748 38
826 115 70 141
827 69 49 759
828 14 750 134
829 178 134 135
830 143 72 320
831 202 913 915
832 240 283 220
833 739 127 86
834 203 899 917
835 251 285 931
836 634 652 621
837 284 223 173
838 108 284 173
839 313 384 365
840 217 194 904
841 634 578 652
842 279 769 280
843 218 191 769
844 470 437 312
845 384 313 385
846 437 411 385
847 385 411 366
848 208 227 207
849 258 773 225
850 774 292 291
851 166 776 121
852 121 146 775
853 238 303 239
854 778 989 779
855 258 774 291
856 99 584 623
857 774 255 289
858 783 345 784
859 344 558 99
860 130 175 129
861 152 175 130
862 216 280 167
863 415 786 417
864 445 963 444
865 614 547 596
866 476 475 789
867 364 363 408
868 573 506 470
869 627 587 543
870 598 507 597
871 723 715 722
872 715 657 687
873 651 641 654
874 651 578 633
875 480 513 548
876 450 391 479
877 518 576 549
878 841 435 434
879 396 375 377
880 791 798 442
881 375 297 377
882 603 549 576
883 449 417 786
884 477 447 450
885 450 447 391
886 517 516 577
887 688 723 697
888 641 694 671
889 641 671 654
890 376 322 398
891 468 869 505
892 635 608 800
893 852 999 846
894 635 997 822
895 635 850 997
896 372 288 395
897 451 452 395
898 581 525 582
899 206 205 177
900 175 228 208
901 694 794 696
902 521 455 419
903 371 373 71
904 460 957 827
905 697 689 656
906 527 558 344
907 656 657 688
908 708 696 794
909 805 716 710
910 444 389 445
911 476 789 961
912 474 962 963
913 476 956 771
914 122 107 195
915 695 703 650
916 367 507 469
917 547 546 508
918 806 683 701
919 806 701 123
920 693 684 683
921 471 590 595
922 591 625 590
923 679 664 647
924 600 631 669
925 501 502 433
926 668 685 618
927 809 808 645
928 673 810 691
929 681 648 682
930 588 811 560
931 462 818 958
932 23 29 726
933 535 966 814
934 535 815 813
935 423 362 360
936 463 817 958
937 462 959 960
938 817 990 991
939 500 464 820
940 674 675 809
941 660 673 637
942 149 891 894
943 820 816 814
944 662 663 672
945 35 10 34
946 644 666 544
947 544 666 648
948 667 808 678
949 674 809 637
950 713 123 701
951 686 123 680
952 675 691 698
953 678 690 807
954 295 307 296
955 507 367 545
956 825 308 337
957 378 310 383
958 828 992 246
959 327 302 269
960 268 276 269
961 301 935 933
962 104 188 162
963 277 269 276
964 301 740 300
965 301 300 324
966 34 10 725
967 314 341 284
968 613 611 836
969 689 676 656
970 554 522 580
971 554 552 522
972 581 580 553
973 579 604 611
974 804 564 552
975 564 501 552
976 558 839 584
977 620 705 672
978 532 970 867
979 849 964 996
980 505 542 571
981 841 842 467
982 559 823 563
983 565 570 837
984 542 968 540
985 540 968 503
986 638 628 762
987 627 624 587
988 642 663 627
989 333 939 356
990 608 823 587
991 8 978 875
992 334 729 941
993 870 982 270
994 87 63 64
995 431 382 856
996 240 926 927
997 430 431 856
998 733 900 172
999 197 905 736
1000 738 219 983
1001 45 79 78
1002 732 125 124
1003 28 42 52
1004 331 358 330
1005 329 937 938
1006 259 932 782
1007 206 226 778
1008 12 30 42
1009 206 778 205
1010 81 83 59
1011 104 189 188
1012 728 940 980
1013 251 253 285
1014 868 534 497
1015 108 150 198
1016 179 163 139
1017 868 497 498
1018 532 868 498
1019 84 105 85
1020 48 81 43
1021 804 803 564
1022 532 867 848
1023 340 458 471
1024 25 19 20
1025 756 111 88
1026 754 877 755
1027 135 885 890
1028 134 750 884
1029 128 88 110
1030 61 10 35
1031 91 31 90
1032 453 486 485
1033 51 759 39
1034 8 5 9
1035 760 97 115
1036 94 136 137
1037 70 97 50
1038 846 561 971
1039 38 50 51
1040 392 372 395
1041 761 228 294
1042 202 908 906
1043 168 895 896
1044 170 899 898
1045 126 733 150
1046 170 897 901
1047 252 922 931
1048 108 249 284
1049 223 190 173
1050 191 282 769
1051 248 190 223
1052 769 247 218
1053 312 223 367
1054 18 40 29
1055 384 385 366
1056 280 365 281
1057 442 389 444
1058 442 368 389
1059 445 413 438
1060 411 339 366
1061 55 75 56
1062 775 154 90
1063 146 121 776
1064 166 164 193
1065 206 780 226
1066 292 319 781
1067 318 317 289
1068 167 224 174
1069 343 256 287
1070 416 391 447
1071 387 783 777
1072 368 777 343
1073 442 414 368
1074 512 790 510
1075 791 442 444
1076 862 942 947
1077 792 646 793
1078 572 615 596
1079 696 687 671
1080 450 479 481
1081 176 780 155
1082 617 572 507
1083 669 721 695
1084 269 277 310
1085 482 481 520
1086 482 520 516
1087 293 175 288
1088 514 549 515
1089 498 497 827
1090 526 494 493
1091 264 299 298
1092 373 371 372
1093 485 486 265
1094 265 454 551
1095 485 236 184
1096 710 704 709
1097 716 718 710
1098 175 254 288
1099 860 405 855
1100 290 291 781
1101 820 818 816
1102 446 514 515
1103 474 956 961
1104 679 669 631
1105 785 318 256
1106 785 256 343
1107 777 788 343
1108 792 598 632
1109 572 470 469
1110 258 225 255
1111 781 319 316
1112 290 781 257
1113 667 678 807
1114 302 832 324
1115 862 993 863
1116 353 332 944
1117 353 945 943
1118 380 950 949
1119 535 499 815
1120 429 533 499
1121 536 561 815
1122 423 382 819
1123 430 461 955
1124 819 431 990
1125 405 429 404
1126 714 703 721
1127 626 595 590
1128 656 688 697
1129 400 951 952
1130 449 480 479
1131 415 417 799
1132 363 337 336
1133 243 336 308
1134 275 244 308
1135 244 275 744
1136 745 214 163
1137 434 409 408
1138 408 363 407
1139 278 309 747
1140 188 831 245
1141 327 269 352
1142 834 325 832
1143 325 835 934
1144 245 276 237
1145 237 276 267
1146 604 622 611
1147 581 605 604
1148 398 491 419
1149 838 489 522
1150 859 930 925
1151 201 908 910
1152 643 627 628
1153 203 768 172
1154 202 916 913
1155 711 712 717
1156 569 538 568
1157 567 540 541
1158 841 466 539
1159 566 540 567
1160 765 907 911
1161 168 766 858
1162 124 147 148
1163 170 902 897
1164 642 627 643
1165 149 894 892
1166 639 643 628
1167 590 458 530
1168 607 851 591
1169 562 971 536
1170 500 495 464
1171 531 496 459
1172 824 626 625
1173 625 850 840
1174 851 975 998
1175 409 410 383
1176 436 459 424
1177 401 865 326
1178 338 364 409
1179 397 418 374
1180 349 336 307
1181 640 836 611
1182 187 903 737
1183 353 943 359
1184 353 359 332
1185 332 359 358
1186 213 919 918
1187 340 286 362
1188 212 213 187
1189 874 494 526
1190 242 926 929
1191 168 858 169
1192 765 858 907
1193 200 199 763
1194 202 914 916
1195 201 910 912
1196 857 220 222
1197 301 933 740
1198 425 405 860
1199 380 946 950
1200 353 944 945
1201 863 832 302
1202 302 324 833
1203 400 952 949
1204 425 951 401
1205 242 929 213
1206 864 965 995
1207 403 953 954
1208 327 352 351
1209 563 560 559
1210 562 536 811
1211 537 560 534
1212 827 497 428
1213 505 543 531
1214 849 970 498
1215 504 968 869
1216 468 505 436
1217 731 271 270
1218 430 955 431
1219 251 250 253
1220 315 249 253
1221 764 923 987
1222 212 241 213
1223 705 620 706
1224 523 455 521
1225 652 655 621
1226 584 606 623
1227 556 526 529
1228 422 421 350
1229 209 262 297
1230 491 492 419
1231 335 286 283
1232 523 521 524
1233 139 117 96
1234 72 98 21
1235 529 493 422
1236 457 621 653
1237 422 493 421
1238 488 527 344
1239 484 399 551
1240 258 255 774
1241 7 3 12
1242 131 110 111
1243 358 359 357
1244 557 527 526
1245 331 332 358
1246 259 989 988
1247 856 357 821
1248 132 155 153
1249 8 875 5
1250 1 3 876
1251 82 83 104
1252 725 10 17
1253 699 620 692
1254 17 10 9
1255 10 11 8
1256 24 17 18
1257 187 737 102
1258 109 87 62
1259 64 34 62
1260 64 63 35
1261 84 85 61
1262 10 44 31
1263 60 724 32
1264 804 579 803
1265 109 46 108
1266 724 34 725
1267 724 725 32
1268 729 361 306
1269 240 927 273
1270 730 242 241
1271 272 306 335
1272 732 893 888
1273 149 892 733
1274 726 41 33
1275 29 734 726
1276 144 102 76
1277 836 638 843
1278 197 736 219
1279 168 147 895
1280 238 186 144
1281 148 732 124
1282 126 889 125
1283 15 19 6
1284 25 26 19
1285 355 357 356
1286 162 185 118
1287 6 4 92
1288 87 109 63
1289 565 803 610
1290 12 67 30
1291 80 103 81
1292 141 160 159
1293 49 94 116
1294 82 73 58
1295 53 100 75
1296 735 74 100
1297 136 158 180
1298 109 107 63
1299 35 63 61
1300 105 106 85
1301 182 115 159
1302 43 59 30
1303 243 244 214
1304 406 349 374
1305 145 138 163
1306 374 347 854
1307 227 260 207
1308 62 46 109
1309 93 749 880
1310 128 110 129
1311 93 878 879
1312 263 230 180
1313 11 2 1
1314 37 36 11
1315 37 753 752
1316 37 65 753
1317 756 755 111
1318 754 755 756
1319 112 111 89
1320 89 91 757
1321 114 878 758
1322 88 749 47
1323 128 881 758
1324 132 91 113
1325 157 139 96
1326 295 348 307
1327 177 205 204
1328 49 39 759
1329 2 11 36
1330 556 557 526
1331 94 69 760
1332 128 135 890
1333 128 129 135
1334 20 19 15
1335 854 347 375
1336 606 584 583
1337 160 183 232
1338 70 115 97
1339 355 356 354
1340 529 422 802
1341 485 394 453
1342 133 750 14
1343 390 288 346
1344 761 294 320
1345 21 320 72
1346 186 212 187
1347 221 923 913
1348 765 171 169
1349 168 896 766
1350 412 315 340
1351 147 102 737
1352 170 901 899
1353 203 909 768
1354 488 874 527
1355 578 634 399
1356 120 107 122
1357 191 107 190
1358 578 795 652
1359 193 904 194
1360 374 490 433
1361 397 374 854
1362 165 217 904
1363 194 216 167
1364 384 366 281
1365 437 313 312
1366 365 384 281
1367 365 280 770
1368 473 771 438
1369 445 438 771
1370 473 438 506
1371 281 369 287
1372 772 414 441
1373 778 226 773
1374 773 226 225
1375 435 844 468
1376 635 800 659
1377 775 90 121
1378 165 192 122
1379 192 164 120
1380 778 779 205
1381 259 779 989
1382 206 177 780
1383 292 781 291
1384 112 131 111
1385 787 387 772
1386 387 799 783
1387 783 784 788
1388 512 962 790
1389 791 444 963
1390 573 596 547
1391 793 664 630
1392 403 424 427
1393 616 614 631
1394 665 632 649
1395 632 598 597
1396 401 326 402
1397 708 714 715
1398 148 891 732
1399 702 669 679
1400 505 531 436
1401 703 714 794
1402 651 633 641
1403 482 450 481
1404 235 266 236
1405 397 396 872
1406 377 420 396
1407 629 617 598
1408 721 703 695
1409 600 519 550
1410 600 599 631
1411 407 465 466
1412 13 39 49
1413 519 516 520
1414 520 481 550
1415 575 577 601
1416 601 602 796
1417 603 602 633
1418 798 511 443
1419 443 511 480
1420 479 797 481
1421 550 797 548
1422 448 516 517
1423 609 853 976
1424 866 846 999
1425 852 972 588
1426 851 998 997
1427 371 294 293
1428 254 175 152
1429 625 591 850
1430 181 210 182
1431 395 452 392
1432 420 398 419
1433 394 373 392
1434 453 394 392
1435 849 498 957
1436 697 704 689
1437 537 559 560
1438 176 155 132
1439 722 721 720
1440 723 704 697
1441 823 845 587
1442 704 722 709
1443 719 805 702
1444 708 794 714
1445 445 771 956
1446 792 629 598
1447 437 506 438
1448 501 838 522
1449 807 683 682
1450 618 544 648
1451 808 644 645
1452 707 702 679
1453 713 701 719
1454 678 808 809
1455 673 674 637
1456 705 706 698
1457 660 637 626
1458 672 661 662
1459 538 539 465
1460 14 16 15
1461 500 966 495
1462 495 458 432
1463 462 461 818
1464 817 991 959
1465 812 990 817
1466 463 820 464
1467 660 626 824
1468 660 824 636
1469 813 530 495
1470 667 666 644
1471 667 644 808
1472 562 846 971
1473 682 648 666
1474 683 807 690
1475 683 806 693
1476 363 746 337
1477 163 214 145
1478 229 231 230
1479 321 261 263
1480 408 407 466
1481 460 827 427
1482 363 364 746
1483 310 338 383
1484 440 439 472
1485 829 278 311
1486 278 747 311
1487 829 310 828
1488 352 269 326
1489 863 994 832
1490 834 332 325
1491 277 245 831
1492 831 188 189
1493 119 162 118
1494 830 324 300
1495 162 211 185
1496 768 986 198
1497 580 604 554
1498 198 924 252
1499 804 554 579
1500 176 174 780
1501 532 969 868
1502 846 591 561
1503 849 996 970
1504 800 663 662
1505 701 690 711
1506 434 408 466
1507 569 541 538
1508 540 566 542
1509 504 967 968
1510 566 762 571
1511 642 643 677
1512 559 848 845
1513 142 72 143
1514 677 643 639
1515 875 978 876
1516 4 39 13
1517 981 729 982
1518 941 729 981
1519 23 33 24
1520 9 5 7
1521 107 105 63
1522 927 926 242
1523 172 900 898
1524 79 77 76
1525 775 151 154
1526 736 905 903
1527 983 219 736
1528 382 357 856
1529 889 126 127
1530 125 886 124
1531 354 356 937
1532 938 937 939
1533 278 275 309
1534 189 275 246
1535 980 940 941
1536 328 936 980
1537 100 53 735
1538 145 104 103
1539 984 753 877
1540 848 496 845
1541 890 885 881
1542 884 750 883
1543 132 130 91
1544 177 204 153
1545 534 811 533
1546 27 25 20
1547 210 209 182
1548 115 158 136
1549 760 115 136
1550 69 94 49
1551 97 760 69
1552 756 88 36
1553 21 98 70
1554 262 210 233
1555 160 181 159
1556 159 115 141
1557 133 14 156
1558 612 638 762
1559 751 14 134
1560 91 89 65
1561 260 228 761
1562 260 320 21
1563 161 143 184
1564 763 914 906
1565 906 908 200
1566 896 895 905
1567 126 887 733
1568 898 899 172
1569 901 897 171
1570 931 922 921
1571 249 314 284
1572 120 106 105
1573 120 105 107
1574 223 312 248
1575 313 365 770
1576 217 216 194
1577 217 165 195
1578 195 107 191
1579 369 368 343
1580 787 772 441
1581 154 113 90
1582 850 591 851
1583 194 166 193
1584 280 281 167
1585 54 56 77
1586 784 317 318
1587 343 287 369
1588 281 287 167
1589 45 41 54
1590 487 483 393
1591 482 516 477
1592 942 351 948
1593 387 386 772
1594 445 956 963
1595 510 790 789
1596 599 616 631
1597 547 508 573
1598 606 585 687
1599 671 694 696
1600 18 29 23
1601 310 378 326
1602 654 655 795
1603 519 619 602
1604 574 550 548
1605 577 519 602
1606 377 297 376
1607 650 602 619
1608 480 511 513
1609 786 443 449
1610 479 391 449
1611 449 391 417
1612 370 391 416
1613 448 517 518
1614 254 257 316
1615 293 372 371
1616 152 204 254
1617 161 184 266
1618 208 207 178
1619 393 451 395
1620 483 454 452
1621 801 392 452
1622 721 702 720
1623 710 709 805
1624 346 316 319
1625 352 326 351
1626 650 703 694
1627 224 287 225
1628 679 680 700
1629 596 573 572
1630 506 437 470
1631 833 324 830
1632 700 713 707
1633 686 685 693
1634 668 681 684
1635 700 680 123
1636 863 993 994
1637 943 945 947
1638 949 950 865
1639 700 707 679
1640 390 446 288
1641 820 814 500
1642 663 642 620
1643 211 300 740
1644 211 740 185
1645 807 682 666
1646 952 951 860
1647 698 690 675
1648 214 826 296
1649 436 424 383
1650 330 741 304
1651 934 835 935
1652 421 488 491
1653 488 421 494
1654 211 162 215
1655 622 640 611
1656 82 58 57
1657 611 803 579
1658 525 555 582
1659 985 763 1000
1660 925 930 920
1661 910 908 915
1662 640 639 836
1663 663 624 627
1664 172 768 198
1665 913 916 925
1666 659 658 635
1667 503 842 541
1668 541 539 538
1669 911 907 200
1670 613 843 594
1671 565 594 570
1672 612 567 593
1673 468 844 504
1674 897 902 148
1675 892 894 902
1676 382 356 357
1677 530 591 590
1678 536 971 561
1679 458 590 471
1680 432 458 362
1681 588 563 589
1682 974 847 973
1683 864 995 957
1684 998 975 976
1685 252 285 249
1686 954 402 378
1687 378 383 424
1688 249 285 253
1689 295 261 321
1690 263 347 321
1691 295 321 348
1692 638 836 639
1693 502 501 837
1694 570 592 568
1695 407 406 465
1696 359 943 946
1697 382 431 819
1698 835 331 305
1699 918 919 983
1700 303 185 304
1701 270 212 239
1702 929 926 928
1703 213 918 903
1704 920 250 921
1705 917 767 909
1706 916 914 985
1707 912 910 986
1708 1000 857 930
1709 405 404 359
1710 497 534 429
1711 950 946 948
1712 945 944 993
1713 949 952 855
1714 401 951 400
1715 213 929 919
1716 995 965 964
1717 954 953 402
1718 401 426 425
1719 863 351 942
1720 975 851 607
1721 607 591 846
1722 847 974 977
1723 571 543 505
1724 587 531 543
1725 869 968 542
1726 431 955 960
1727 939 333 979
1728 238 185 303
1729 987 923 924
1730 367 439 440
1731 545 440 472
1732 702 721 669
1733 418 872 455
1734 375 396 397
1735 623 656 676
1736 222 286 253
1737 621 655 670
1738 874 488 494
1739 493 494 421
1740 605 581 582
1741 303 727 239
1742 721 722 714
1743 116 96 68
1744 299 322 298
1745 375 397 854
1746 670 654 671
1747 670 671 687
1748 583 839 556
1749 386 368 414
1750 441 414 442
1751 350 236 323
1752 492 488 344
1753 355 330 357
1754 578 484 549
1755 484 483 515
1756 323 457 456
1757 835 325 331
1758 441 443 787
1759 477 516 478
1760 477 478 447
1761 257 254 259
1762 819 990 812
1763 235 234 161
1764 232 234 264
1765 98 142 160
1766 18 22 40
1767 76 77 56
1768 425 428 405
1769 357 359 381
1770 2 36 47
1771 399 484 578
1772 988 989 773
1773 988 773 932
1774 821 357 381
1775 88 47 36
1776 244 104 214
1777 12 3 13
1778 33 32 24
1779 23 24 18
1780 18 17 9
1781 18 9 22
1782 60 45 46
1783 45 33 41
1784 87 64 62
1785 61 85 44
1786 724 46 62
1787 45 60 33
1788 936 328 979
1789 888 893 887
1790 733 892 900
1791 726 734 41
1792 54 734 40
1793 895 147 737
1794 928 240 219
1795 304 741 303
1796 46 45 78
1797 125 889 886
1798 235 299 234
1799 355 354 741
1800 239 186 238
1801 613 610 611
1802 613 594 610
1803 569 592 567
1804 52 42 73
1805 104 744 189
1806 59 873 57
1807 73 82 74
1808 68 67 13
1809 30 67 43
1810 735 52 73
1811 263 209 297
1812 118 74 119
1813 139 157 179
1814 58 73 42
1815 150 172 198
1816 105 84 63
1817 120 44 106
1818 59 43 81
1819 67 68 48
1820 118 100 74
1821 214 229 826
1822 472 412 544
1823 208 129 175
1824 88 758 749
1825 880 749 758
1826 131 112 757
1827 758 88 128
1828 879 878 883
1829 36 752 756
1830 753 984 752
1831 134 882 885
1832 882 134 884
1833 758 878 880
1834 231 745 179
1835 176 132 154
1836 307 348 349
1837 759 51 50
1838 420 455 872
1839 525 521 419
1840 115 182 158
1841 232 181 160
1842 136 94 760
1843 4 19 26
1844 21 70 27
1845 30 59 57
1846 16 14 751
1847 54 55 56
1848 320 294 71
1849 606 583 586
1850 104 145 214
1851 913 923 915
1852 240 220 219
1853 899 901 917
1854 768 909 912
1855 652 795 655
1856 195 165 122
1857 247 769 279
1858 279 280 216
1859 769 282 280
1860 770 280 282
1861 120 122 192
1862 904 193 192
1863 802 422 456
1864 606 657 623
1865 508 473 506
1866 413 445 388
1867 364 408 409
1868 366 339 281
1869 317 292 289
1870 659 800 662
1871 194 776 166
1872 192 193 164
1873 151 776 167
1874 558 584 99
1875 784 318 785
1876 131 130 129
1877 174 224 225
1878 515 487 446
1879 450 482 477
1880 387 777 386
1881 786 787 443
1882 783 799 345
1883 574 512 510
1884 600 574 546
1885 614 664 679
1886 614 679 631
1887 624 800 608
1888 615 572 617
1889 665 646 632
1890 715 688 657
1891 732 891 893
1892 52 735 53
1893 161 266 235
1894 436 531 459
1895 602 650 633
1896 519 600 619
1897 396 420 872
1898 615 617 630
1899 798 443 442
1900 538 465 502
1901 512 511 798
1902 601 577 602
1903 603 796 602
1904 603 633 578
1905 797 479 480
1906 416 447 478
1907 346 370 416
1908 976 853 822
1909 457 323 399
1910 588 972 811
1911 997 998 822
1912 293 288 372
1913 582 344 99
1914 420 377 376
1915 233 232 264
1916 288 393 395
1917 394 143 373
1918 143 485 184
1919 957 498 827
1920 717 712 692
1921 588 589 847
1922 710 689 704
1923 432 362 423
1924 576 518 575
1925 389 368 388
1926 789 790 961
1927 650 669 695
1928 456 653 528
1929 507 572 469
1930 664 793 647
1931 546 509 508
1932 686 806 123
1933 686 693 806
1934 625 626 590
1935 693 668 684
1936 686 680 649
1937 662 658 659
1938 662 661 636
1939 712 711 706
1940 719 702 707
1941 495 966 813
1942 966 500 814
1943 423 360 382
1944 817 959 958
1945 959 991 960
1946 404 861 821
1947 635 822 608
1948 658 636 625
1949 853 608 822
1950 891 148 894
1951 238 144 185
1952 123 713 700
1953 706 711 690
1954 684 681 682
1955 826 229 230
1956 341 314 342
1957 427 827 428
1958 311 338 310
1959 992 831 246
1960 269 302 833
1961 935 835 933
1962 237 267 215
1963 831 992 277
1964 97 759 50
1965 623 622 605
1966 604 605 622
1967 676 718 692
1968 198 986 987
1969 252 924 922
1970 489 838 490
1971 839 583 584
1972 692 642 677
1973 83 873 59
1974 970 996 867
1975 698 706 690
1976 625 840 658
1977 964 496 996
1978 542 566 571
1979 842 841 539
1980 594 593 592
1981 823 608 563
1982 570 568 837
1983 496 531 845
1984 968 967 503
1985 571 762 543
1986 567 612 566
1987 410 409 435
1988 503 967 844
1989 53 75 28
1990 845 823 559
1991 566 612 762
1992 612 843 638
1993 282 248 770
1994 467 503 844
1995 595 626 637
1996 362 458 340
