22 164 166
164 165 166
164 24 165
166 165 23
25 167 169
167 168 169
167 27 168
169 168 26
28 170 172
170 171 172
170 29 171
172 171 22
26 173 175
173 174 175
173 31 174
175 174 30
25 169 177
169 176 177
169 26 176
177 176 32
23 165 179
165 178 179
165 24 178
179 178 33
34 180 182
180 181 182
180 36 181
182 181 35
37 183 185
183 184 185
183 38 184
185 184 10
18 186 188
186 187 188
186 40 187
188 187 39
41 189 191
189 190 191
189 28 190
191 190 23
42 192 194
192 193 194
192 44 193
194 193 43
45 195 197
195 196 197
195 47 196
197 196 46
48 198 200
198 199 200
198 49 199
200 199 25
35 181 202
181 201 202
181 36 201
202 201 50
43 193 204
193 203 204
193 44 203
204 203 51
52 205 207
205 206 207
205 54 206
207 206 53
53 206 209
206 208 209
206 54 208
209 208 55
56 210 212
210 211 212
210 57 211
212 211 27
56 212 214
212 213 214
212 27 213
214 213 58
59 215 217
215 216 217
215 61 216
217 216 60
29 218 220
218 219 220
218 63 219
220 219 62
64 221 222
221 211 222
221 27 211
222 211 57
65 223 225
223 224 225
223 66 224
225 224 60
62 219 227
219 226 227
219 63 226
227 226 67
68 228 230
228 229 230
228 70 229
230 229 69
71 231 233
231 232 233
231 73 232
233 232 72
38 234 236
234 235 236
234 74 235
236 235 12
75 237 239
237 238 239
237 76 238
239 238 37
77 240 242
240 241 242
240 79 241
242 241 78
80 243 245
243 244 245
243 82 244
245 244 81
83 246 248
246 247 248
246 85 247
248 247 84
86 249 251
249 250 251
249 87 250
251 250 69
88 252 254
252 253 254
252 89 253
254 253 87
67 226 256
226 255 256
226 63 255
256 255 68
38 183 258
183 257 258
183 37 257
258 257 66
66 257 224
257 259 224
257 37 259
224 259 60
87 253 250
253 260 250
253 89 260
250 260 69
68 230 262
230 261 262
230 69 261
262 261 47
26 175 176
175 263 176
175 30 263
176 263 32
90 264 266
264 265 266
264 91 265
266 265 45
37 238 259
238 267 259
238 76 267
259 267 60
24 268 270
268 269 270
268 40 269
270 269 20
92 271 272
271 207 272
271 52 207
272 207 53
92 272 274
272 273 274
272 53 273
274 273 93
94 275 277
275 276 277
275 96 276
277 276 95
97 278 280
278 279 280
278 98 279
280 279 46
94 277 282
277 281 282
277 95 281
282 281 99
43 283 194
283 284 194
283 100 284
194 284 42
97 280 285
280 196 285
280 46 196
285 196 47
100 286 288
286 287 288
286 97 287
288 287 89
18 289 291
289 290 291
289 101 290
291 290 99
18 291 292
291 281 292
291 99 281
292 281 95
36 293 294
293 274 294
293 92 274
294 274 93
25 199 296
199 295 296
199 49 295
296 295 102
79 297 299
297 298 299
297 86 298
299 298 103
75 300 237
300 301 237
300 8 301
237 301 76
104 302 303
302 279 303
302 46 279
303 279 98
1 304 21
304 270 21
304 24 270
21 270 20
105 305 306
305 174 306
305 30 174
306 174 31
76 301 307
301 7 307
301 8 7
307 7 6
64 308 309
308 173 309
308 31 173
309 173 26
73 310 232
310 311 232
310 106 311
232 311 72
43 204 313
204 312 313
204 51 312
313 312 107
90 314 264
314 315 264
314 67 315
264 315 91
64 309 221
309 168 221
309 26 168
221 168 27
2 316 317
316 308 317
316 31 308
317 308 64
108 318 320
318 319 320
318 109 319
320 319 57
51 203 322
203 321 322
203 44 321
322 321 110
70 228 323
228 255 323
228 68 255
323 255 63
111 324 326
324 325 326
324 113 325
326 325 112
2 317 328
317 327 328
317 64 327
328 327 109
85 329 331
329 330 331
329 114 330
331 330 104
101 332 334
332 333 334
332 16 333
334 333 115
116 335 337
335 336 337
335 84 336
337 336 6
111 326 339
326 338 339
326 112 338
339 338 117
118 340 342
340 341 342
340 120 341
342 341 119
115 333 343
333 15 343
333 16 15
343 15 14
121 344 345
344 15 345
344 14 15
345 15 16
115 346 334
346 347 334
346 81 347
334 347 101
122 348 350
348 349 350
348 124 349
350 349 123
81 346 245
346 351 245
346 115 351
245 351 80
125 352 354
352 353 354
352 126 353
354 353 121
40 186 269
186 19 269
186 18 19
269 19 20
81 355 347
355 290 347
355 99 290
347 290 101
113 356 325
356 357 325
356 50 357
325 357 112
127 358 360
358 359 360
358 129 359
360 359 128
77 361 240
361 297 240
361 86 297
240 297 79
65 362 364
362 363 364
362 130 363
364 363 50
81 365 355
365 366 355
365 111 366
355 366 99
96 367 276
367 368 276
367 131 368
276 368 95
95 368 370
368 369 370
368 131 369
370 369 20
132 371 373
371 372 373
371 134 372
373 372 133
119 341 375
341 374 375
341 120 374
375 374 135
54 376 378
376 377 378
376 129 377
378 377 123
127 379 358
379 377 358
379 123 377
358 377 129
124 380 381
380 367 381
380 131 367
381 367 96
83 248 382
248 335 382
248 84 335
382 335 116
84 383 336
383 5 336
383 4 5
336 5 6
8 384 7
384 337 7
384 116 337
7 337 6
136 385 387
385 386 387
385 116 386
387 386 137
112 357 388
357 201 388
357 50 201
388 201 36
121 389 354
389 390 354
389 138 390
354 390 125
73 231 392
231 391 392
231 71 391
392 391 102
18 292 19
292 370 19
292 95 370
19 370 20
139 393 394
393 382 394
393 83 382
394 382 116
54 378 395
378 349 395
378 123 349
395 349 124
90 396 398
396 397 398
396 114 397
398 397 139
14 399 401
399 400 401
399 126 400
401 400 140
126 399 353
399 344 353
399 14 344
353 344 121
132 402 404
402 403 404
402 142 403
404 403 141
132 373 402
373 405 402
373 133 405
402 405 142
133 406 405
406 407 405
406 127 407
405 407 142
45 408 266
408 396 266
408 114 396
266 396 90
116 384 386
384 409 386
384 8 409
386 409 137
25 410 167
410 213 167
410 58 213
167 213 27
124 348 412
348 411 412
348 122 411
412 411 143
124 412 380
412 413 380
412 143 413
380 413 131
87 249 414
249 361 414
249 86 361
414 361 77
122 415 411
415 416 411
415 144 416
411 416 143
143 416 418
416 417 418
416 144 417
418 417 33
145 419 420
419 390 420
419 125 390
420 390 138
114 421 397
421 393 397
421 83 393
397 393 139
137 409 422
409 9 422
409 8 9
422 9 10
131 423 369
423 21 369
423 1 21
369 21 20
139 394 424
394 385 424
394 116 385
424 385 136
146 425 426
425 331 426
425 85 331
426 331 104
147 427 429
427 428 429
427 149 428
429 428 148
74 234 431
234 430 431
234 38 430
431 430 115
118 432 434
432 433 434
432 148 433
434 433 150
151 435 436
435 187 436
435 39 187
436 187 40
118 434 340
434 437 340
434 150 437
340 437 120
82 438 439
438 356 439
438 50 356
439 356 113
65 364 440
364 438 440
364 50 438
440 438 82
94 441 275
441 442 275
441 55 442
275 442 96
124 381 443
381 442 443
381 96 442
443 442 55
139 424 445
424 444 445
424 136 444
445 444 152
115 430 351
430 446 351
430 38 446
351 446 80
140 447 449
447 448 449
447 154 448
449 448 153
42 284 450
284 288 450
284 100 288
450 288 89
142 407 452
407 451 452
407 127 451
452 451 150
98 278 454
278 453 454
278 97 453
454 453 155
150 451 455
451 360 455
451 127 360
455 360 128
69 229 251
229 456 251
229 70 456
251 456 86
138 457 458
457 435 458
457 39 435
458 435 151
83 421 246
421 329 246
421 114 329
246 329 85
155 453 459
453 286 459
453 97 286
459 286 100
71 460 461
460 214 461
460 56 214
461 214 58
125 419 463
419 462 463
419 145 462
463 462 156
157 464 465
464 233 465
464 71 233
465 233 72
62 466 467
466 462 467
466 156 462
467 462 145
25 296 410
296 468 410
296 102 468
410 468 58
141 469 471
469 470 471
469 149 470
471 470 88
158 472 474
472 473 474
472 159 473
474 473 120
141 471 476
471 475 476
471 88 475
476 475 77
102 391 468
391 461 468
391 71 461
468 461 58
47 195 477
195 265 477
195 45 265
477 265 91
152 478 445
478 398 445
478 90 398
445 398 139
47 477 262
477 479 262
477 91 479
262 479 68
52 480 482
480 481 482
480 158 481
482 481 129
158 474 484
474 483 484
474 120 483
484 483 128
84 485 383
485 486 383
485 105 486
383 486 4
82 487 440
487 223 440
487 66 223
440 223 65
104 488 302
488 197 302
488 45 197
302 197 46
129 481 359
481 484 359
481 158 484
359 484 128
57 319 222
319 327 222
319 109 327
222 327 64
45 488 408
488 330 408
488 104 330
408 330 114
84 247 485
247 489 485
247 85 489
485 489 105
29 490 218
490 491 218
490 103 491
218 491 63
107 492 494
492 493 494
492 32 493
494 493 160
156 466 495
466 227 495
466 62 227
495 227 67
93 496 294
496 388 294
496 112 388
294 388 36
82 243 487
243 497 487
243 80 497
487 497 66
112 496 338
496 498 338
496 93 498
338 498 117
34 499 500
499 465 500
499 157 465
500 465 72
125 501 352
501 502 352
501 154 502
352 502 126
154 503 505
503 504 505
503 156 504
505 504 152
66 497 258
497 446 258
497 80 446
258 446 38
92 506 507
506 500 507
506 34 500
507 500 72
123 508 510
508 509 510
508 133 509
510 509 144
137 422 512
422 511 512
422 10 511
512 511 140
140 511 513
511 11 513
511 10 11
513 11 12
34 506 180
506 293 180
506 92 293
180 293 36
160 493 514
493 263 514
493 32 263
514 263 30
14 401 13
401 513 13
401 140 513
13 513 12
16 332 17
332 289 17
332 101 289
17 289 18
125 463 501
463 503 501
463 156 503
501 503 154
51 322 516
322 515 516
322 110 515
516 515 48
70 323 517
323 491 517
323 63 491
517 491 103
106 518 519
518 271 519
518 52 271
519 271 92
30 520 514
520 521 514
520 146 521
514 521 160
77 242 476
242 522 476
242 78 522
476 522 141
78 523 522
523 404 522
523 132 404
522 404 141
142 452 524
452 433 524
452 150 433
524 433 148
120 437 483
437 455 483
437 150 455
483 455 128
86 456 298
456 517 298
456 70 517
298 517 103
56 460 525
460 464 525
460 71 464
525 464 157
160 521 527
521 526 527
521 146 526
527 526 98
122 350 415
350 510 415
350 123 510
415 510 144
52 482 205
482 376 205
482 129 376
205 376 54
88 528 252
528 450 252
528 42 450
252 450 89
42 528 529
528 470 529
528 88 470
529 470 149
106 519 311
519 507 311
519 92 507
311 507 72
108 530 531
530 5 531
530 6 5
531 5 4
148 432 429
432 532 429
432 118 532
429 532 147
75 239 533
239 185 533
239 37 185
533 185 10
140 449 512
449 534 512
449 153 534
512 534 137
60 535 225
535 362 225
535 130 362
225 362 65
4 536 531
536 318 531
536 109 318
531 318 108
42 529 537
529 427 537
529 149 427
537 427 147
110 538 515
538 198 515
538 49 198
515 198 48
111 539 366
539 282 366
539 94 282
366 282 99
94 539 540
539 339 540
539 111 339
540 339 117
55 441 541
441 540 541
441 94 540
541 540 117
41 542 543
542 299 543
542 79 299
543 299 103
107 312 492
312 544 492
312 51 544
492 544 32
25 177 200
177 545 200
177 32 545
200 545 48
23 190 166
190 172 166
190 28 172
166 172 22
73 546 310
546 547 310
546 158 547
310 547 106
22 548 164
548 268 164
548 40 268
164 268 24
59 217 549
217 267 549
217 60 267
549 267 76
48 545 516
545 544 516
545 32 544
516 544 51
161 550 551
550 495 551
550 156 495
551 495 67
61 552 554
552 553 554
552 57 553
554 553 162
53 555 273
555 498 273
555 117 498
273 498 93
88 254 475
254 414 475
254 87 414
475 414 77
133 508 406
508 379 406
508 123 379
406 379 127
61 215 552
215 556 552
215 59 556
552 556 57
117 555 541
555 209 541
555 53 209
541 209 55
1 557 304
557 178 304
557 33 178
304 178 24
109 536 328
536 3 328
536 4 3
328 3 2
81 558 365
558 324 365
558 113 324
365 324 111
113 558 439
558 244 439
558 81 244
439 244 82
44 192 559
192 537 559
192 42 537
559 537 147
153 560 561
560 444 561
560 152 444
561 444 136
110 321 562
321 559 562
321 44 559
562 559 147
78 563 565
563 564 565
563 41 564
565 564 134
41 563 542
563 241 542
563 78 241
542 241 79
161 566 567
566 478 567
566 90 478
567 478 152
162 553 568
553 210 568
553 57 210
568 210 56
160 569 494
569 570 494
569 155 570
494 570 107
134 571 572
571 179 572
571 23 179
572 179 33
121 573 389
573 574 389
573 163 574
389 574 138
91 315 479
315 256 479
315 67 256
479 256 68
110 562 575
562 532 575
562 147 532
575 532 118
132 523 371
523 565 371
523 78 565
371 565 134
55 208 443
208 395 443
208 54 395
443 395 124
137 534 387
534 561 387
534 153 561
387 561 136
90 566 314
566 551 314
566 161 551
314 551 67
28 576 170
576 490 170
576 103 490
170 490 29
22 577 548
577 436 548
577 151 436
548 436 40
103 576 543
576 189 543
576 28 189
543 189 41
97 578 287
578 260 287
578 69 260
287 260 89
69 578 261
578 285 261
578 97 285
261 285 47
130 579 581
579 580 581
579 162 580
581 580 157
8 300 9
300 533 9
300 75 533
9 533 10
156 550 504
550 567 504
550 161 567
504 567 152
162 579 554
579 582 554
579 130 582
554 582 61
74 431 583
431 343 583
431 115 343
583 343 14
162 568 580
568 525 580
568 56 525
580 525 157
74 583 235
583 13 235
583 14 13
235 13 12
135 584 585
584 295 585
584 102 295
585 295 49
140 400 447
400 502 447
400 126 502
447 502 154
10 184 11
184 236 11
184 38 236
11 236 12
134 586 372
586 509 372
586 144 509
372 509 133
144 586 417
586 572 417
586 134 572
417 572 33
135 587 584
587 392 584
587 73 392
584 392 102
76 588 549
588 589 549
588 108 589
549 589 59
151 577 590
577 171 590
577 22 171
590 171 29
159 591 592
591 587 592
591 73 587
592 587 135
18 593 17
593 594 17
593 163 594
17 594 16
155 569 454
569 527 454
569 160 527
454 527 98
106 547 518
547 480 518
547 158 480
518 480 52
152 560 505
560 448 505
560 153 448
505 448 154
29 220 590
220 595 590
220 62 595
590 595 151
143 596 413
596 423 413
596 1 423
413 423 131
142 524 403
524 597 403
524 148 597
403 597 141
149 469 428
469 597 428
469 141 597
428 597 148
1 596 557
596 418 557
596 143 418
557 418 33
157 598 581
598 599 581
598 35 599
581 599 130
35 598 182
598 499 182
598 157 499
182 499 34
35 202 599
202 363 599
202 50 363
599 363 130
138 574 457
574 600 457
574 163 600
457 600 39
163 573 594
573 345 594
573 121 345
594 345 16
163 593 600
593 188 600
593 18 188
600 188 39
119 601 602
601 538 602
601 49 538
602 538 110
62 467 595
467 603 595
467 145 603
595 603 151
145 420 603
420 458 603
420 138 458
603 458 151
49 601 585
601 375 585
601 119 375
585 375 135
105 489 604
489 425 604
489 85 425
604 425 146
118 342 575
342 602 575
342 119 602
575 602 110
23 571 191
571 564 191
571 134 564
191 564 41
108 588 530
588 307 530
588 76 307
530 307 6
120 473 374
473 592 374
473 159 592
374 592 135
73 591 546
591 472 546
591 159 472
546 472 158
30 305 520
305 604 520
305 105 604
520 604 146
31 316 306
316 605 306
316 2 605
306 605 105
98 526 303
526 426 303
526 146 426
303 426 104
105 605 486
605 3 486
605 2 3
486 3 4
107 570 313
570 606 313
570 155 606
313 606 43
43 606 283
606 459 283
606 155 459
283 459 100
57 556 320
556 589 320
556 59 589
320 589 108
130 535 582
535 216 582
535 60 216
582 216 61
