6.1230317691119e-17 -1.4996607218221e-32 1
6.1230317691119e-17 -1.4996607218221e-32 -1
0.15643446504023 -3.8314127969014e-17 -0.98768834059514
0.30901699437495 -7.5684834950131e-17 -0.95105651629515
0.45399049973955 -1.1119193011121e-16 -0.89100652418837
0.58778525229247 -1.4396111092809e-16 -0.80901699437495
0.70710678118655 -1.7318549141439e-16 -0.70710678118655
0.80901699437495 -1.9814547033237e-16 -0.58778525229247
0.89100652418837 -2.1822645016365e-16 -0.45399049973955
0.95105651629515 -2.3293397053984e-16 -0.30901699437495
0.98768834059514 -2.4190588349782e-16 -0.15643446504023
1 -2.4492127076448e-16 -2.4492127076448e-16
0.98768834059514 -2.4190588349782e-16 0.15643446504023
0.95105651629515 -2.3293397053984e-16 0.30901699437495
0.89100652418837 -2.1822645016365e-16 0.45399049973955
0.80901699437495 -1.9814547033237e-16 0.58778525229247
0.70710678118655 -1.7318549141439e-16 0.70710678118655
0.58778525229247 -1.4396111092809e-16 0.80901699437495
0.45399049973955 -1.1119193011121e-16 0.89100652418837
0.30901699437495 -7.5684834950131e-17 0.95105651629515
0.15643446504023 -3.8314127969014e-17 0.98768834059514
0.12066348529913 -0.58873210486264 0.79927143826079
-0.15459181367581 -0.49065467490786 0.85753096803292
0.065312251752737 -0.32156106402599 0.94463368131433
-0.55646657552036 0.42110214442211 -0.71625270281636
-0.37422211391444 0.20785592475185 -0.90374428020484
-0.21366901647006 0.489646691498 -0.84533524054411
-0.15003960695664 -0.68039162996599 0.71732513284878
0.077323731895277 -0.8080685521056 0.58399165711827
-0.34086715617265 -0.18423197752994 -0.92188294283937
-0.14909471739249 0.022348033544118 -0.98857034683545
-0.61299027815207 0.015721715673717 -0.78993401404631
-0.12861902581298 -0.14391931846594 0.98119538114038
-0.0091387622991148 0.99699514414668 -0.076923114676741
0.19855084980082 0.96892923844637 -0.14749132492152
0.13988704098692 0.98606526981599 0.090038321989214
0.85134044178001 0.376146399558 -0.36569569082691
0.94672351899542 0.31691661669638 -0.057257633924637
0.57727506272375 -0.3584429623285 0.73367032427001
0.3718801435314 -0.31324865820737 0.87383089724405
-0.37357672888862 -0.57342396521825 0.72912645250755
-0.91900433380718 -0.3490817069698 -0.18322935436952
-0.82836341416045 -0.29794843214938 -0.47438463914862
-0.93464671030362 -0.11070748839072 -0.3379043931837
-0.002793050266721 -0.87186456677704 -0.48973908979056
-0.27752660406811 -0.7956664104002 -0.53841800433797
-0.26780758654845 -0.92594166272082 -0.26629144527171
-0.76551869938634 0.24074688348569 -0.59667584078943
-0.78890449286259 0.42343983926428 -0.4453407725159
0.41999244773591 0.90751793849594 -0.0041874995982088
-0.82300957281392 -0.017563266566842 -0.56775591121903
-0.34488657404224 0.84406118372111 0.41062631330776
-0.03673096021166 0.85715062372877 0.51375445964322
-0.2907732609268 0.63764526095808 0.71334383848723
0.00058928780068593 0.64271606827868 0.76610424115539
-0.089026388628393 0.77179299757018 -0.62961088858868
0.12897575880653 0.54247793613607 -0.83011019897712
-0.38938724267489 0.67962754085708 -0.62167835811664
0.45548382861291 0.51128169357713 -0.72878358357267
0.62348435539085 0.63467497241762 -0.4565686563591
0.33686266840543 0.72057663300026 -0.60604691122781
0.29359902705985 -0.85986535780795 0.4176495872754
-0.022065396507942 -0.93900627121377 0.3431914056298
-0.11640187426914 0.26985049044974 -0.95584063340636
0.56347150438585 0.80380863959078 -0.19076565378591
0.79273112802044 0.58049681591691 -0.18601291723363
0.21943639086184 -0.97488500501081 0.038038104193046
-0.15892619220409 -0.98648116197166 0.039967267939523
-0.50991936612613 -0.86008238897261 0.015508843563944
-0.27603362504427 -0.9224467043735 0.26999539891522
-0.34517844816456 0.85909754031914 -0.37789317953664
-0.25767904902902 0.95939240633575 -0.11475067911262
-0.575405957 0.8129553226597 -0.089507698038711
0.97779865743867 0.13654585797415 0.15894972218044
0.8483934784423 0.17884425709596 -0.49824014033432
0.6858420726139 0.30310150331665 -0.66162688134617
-0.70804739021511 -0.59864828693178 0.3745518946197
-0.60085979084052 -0.44288684785881 0.66544628013445
-0.50210334237631 -0.65898957985932 0.56002229170933
0.84540696441631 0.52581273120653 0.093851138605368
0.71962467485883 0.55811626499427 0.41309389015474
0.68503984963914 0.727330174785 0.041366910128882
0.35920955274053 -0.52779340481731 -0.76967695759409
0.32831821115327 -0.29258460714631 -0.8981099041243
0.13759835798754 -0.46885404884759 -0.87249216200397
-0.52840262268319 -0.78915932523505 0.31307862867989
-0.70743607337662 -0.69359360615305 0.13587535313319
-0.87172490592746 -0.48207311089504 0.087756504817227
-0.77274409538091 -0.62092312297008 -0.1316094161336
0.31562627750305 -0.89326693824505 -0.32008472314041
0.01452524201372 -0.97879039074752 -0.20434869298522
-0.10504584058293 0.97460781889905 0.19774976793174
0.094826357150181 0.94012998495511 0.32735847839627
0.32439467079291 0.55634582797321 0.76501465166228
0.33698500773767 0.28055100170975 0.89873925028325
0.10578240694866 0.42731590600144 0.8978926432811
-0.56178547891787 -0.72918635034249 -0.39074843845014
-0.3838281117804 -0.60463971126921 -0.69791604091279
0.579542191638 0.37780105198799 0.72207839825617
-0.769848119399 -0.50709658107952 -0.38753958573968
0.76367640346052 0.26329054183031 0.58947132362847
-0.59252091631737 0.6747204998 -0.44008091401021
-0.27579478026846 -0.80855641838266 0.51978241358175
-0.10428016297675 -0.65778598541242 -0.74595123500437
0.0094637798054459 -0.20388024829968 -0.97895009128405
-0.36417729639337 0.92284339598013 0.12543908197796
-0.70730674410108 -0.22292790887953 -0.67083553661961
0.41868394923375 0.24864619380377 -0.87342934514529
0.16057068212472 0.20342195807706 -0.965834645793
-0.9339766745315 0.1588458986215 -0.32008678810942
0.4712660980542 0.70564910289367 0.52911965415219
0.32883543755678 0.89417877323064 0.30382820229627
0.53867081133978 0.79743056997718 0.27191587499887
0.22694300825158 -0.6995610295959 -0.67757747665964
0.90246688292909 0.29408632480673 0.31474872323477
0.64406770260343 -0.3446122763837 -0.6829488805385
0.20329884738481 0.80729858471199 0.55402037306766
-0.97933025136369 0.20191979235058 0.011859857546834
-0.90764276757747 0.3843071930805 -0.16879747572429
-0.85002507750387 0.49173758970133 0.18881607582321
0.81429276182382 -0.30441684576503 0.49422432361814
-0.31404405969545 0.19522132826612 0.92912053123371
-0.47457707433742 0.29754214438127 0.82839922309858
-0.15111710709566 0.34475559135855 0.92644870455415
0.74195533762554 -0.59573003899487 0.30758413094331
0.89541002070926 -0.37936174475745 0.23307844479493
-0.68141749143677 0.28870406752453 0.67254751784451
-0.75328304924517 0.50389215987644 0.42267876565419
-0.53564771819411 0.59223742136826 0.60194381691692
0.32029433817934 0.88655642688508 -0.33381018390548
0.082921889704792 0.18352236835703 0.9795118684939
-0.71374813977437 -0.20261564037403 0.67045543867169
-0.63912660792101 0.0058197005056195 0.76907952133274
-0.47836953889462 -0.28184916537705 0.83169924385802
-0.78346659094563 0.58777901090844 -0.20173233555267
0.71322226856687 -0.53811384772814 -0.44916309120802
0.87576225595782 -0.2652382536739 -0.40334741827324
0.67086572284816 -0.50739017069604 0.54082751093899
0.46395828321051 -0.67992787355366 -0.56783870791375
0.95936250916631 -0.28213996728991 -0.004540359432844
-0.87096904135826 -0.29811555905989 0.39056374952354
-0.84604665647595 0.0051071099770448 0.53308439528235
-0.15523854430296 0.095204354877423 0.9832787626991
-0.39454788789103 -0.024314441336151 0.91855363049919
0.51764616009048 -0.72181342116706 0.45937766376554
-0.22093010270963 -0.45796841749712 -0.86107770746426
-0.99848943396979 -0.038082452982777 -0.039605265123624
-0.97708469923918 -0.020847564333502 0.21182745236167
-0.96784782039115 -0.23260607823945 0.095734053137703
-0.89990160755832 0.23966758849209 0.36433026739531
0.36399126047731 -0.62097677778648 0.69418888189459
0.65057663985526 -0.71224945621991 -0.26353509783153
0.8397371233336 -0.48856482725838 -0.23695141540281
0.81075557046482 -0.5851168725608 0.017710178003961
-0.63097599738409 -0.45212834027542 -0.63043576567716
0.56447170008754 -0.81600254307712 0.12454537121854
-0.009236666287985 0.95542995551391 -0.29507335376575
-0.63142225379384 0.73284916817511 0.25345223242053
-0.73424898264531 0.67777924938636 0.038648681550477
-0.5048251521734 -0.33217765104116 -0.79674937959303
0.44336995685491 -0.88863950548443 -0.11723016101189
0.13271661692493 0.83645823110039 -0.53171790191455
0.71665467578502 -0.18130593312135 0.67344950389058
0.094119087400524 -0.46068354765457 0.88256006385248
-0.045119108167443 -0.41046852147228 0.91075784869445
-0.017155614375873 -0.54578413503238 0.83775017925534
-0.39193137317612 0.46349116388477 -0.79471110456632
-0.2980188186538 0.35358401404485 -0.88665840589267
-0.4721109811975 0.31905191772571 -0.82177679160967
-0.036754138475504 -0.75234014031965 0.65774877162084
0.10020761482785 -0.70696514758992 0.70011335798117
-0.014853098576691 -0.6416919210508 0.76681866430129
-0.26473026513827 0.11645326744674 -0.9572651269219
-0.24759128540187 -0.081804434058777 -0.96540488395355
-0.36468839527021 0.012047977452179 -0.93105167450284
-0.50033585125769 0.11331291011284 -0.85838465756792
-0.59779536217556 0.22329278487948 -0.7699227475417
-0.031936085743206 -0.23481881090478 0.97151439128439
-0.14407948654509 -0.32283049372404 0.93542587834569
0.065788299710344 0.99781178128552 0.0065991475994605
0.17050590914403 0.98493143077743 -0.028944975620863
0.095290327461665 0.98902652229348 -0.11289947604981
0.91138992281325 0.35129487196684 -0.2143835850159
0.96894111930776 0.16180670868002 -0.18700720932829
0.91914081141838 0.19181762671807 -0.34407290922916
0.48902349503886 -0.15962433814892 0.85754072321406
0.47841277753209 -0.33855986008174 0.8102459104713
0.59256035393645 -0.182307375752 0.78462490891452
-0.26384600940348 -0.6317874723736 0.72885517976731
-0.1533869962994 -0.58964132740868 0.79296628829855
-0.26646962065845 -0.5368449817334 0.80049447646677
-0.93635356308078 -0.23225798227216 -0.26324557845631
-0.8887537658295 -0.20600816936257 -0.40948428282385
-0.88431555211354 -0.32745185744373 -0.33280818100939
-0.13743132204365 -0.91306099573947 -0.3839690739898
-0.2758268252759 -0.87077923473209 -0.40701730530485
-0.14164884573741 -0.84262317856029 -0.51953997291278
-0.78279184371504 0.33447773544878 -0.52474905802895
-0.6836632393029 0.42916212624396 -0.5902748890336
-0.6686019578899 0.33473410353826 -0.66402146187772
0.28327030148177 0.95805596937107 0.043436112290223
0.31214663791173 0.94694531463534 -0.07654441541083
-0.88706851936474 -0.064736746183491 -0.45707613769001
-0.83485370853096 -0.15950733955068 -0.52685547731951
-0.32342395238864 0.75389277134555 0.57187641701179
-0.16696704039809 0.76207153604867 0.62559490196542
-0.19338257291892 0.86207966583059 0.46842483949154
-0.14670922791527 0.64731632157802 0.74796923884823
-0.018327041633644 0.76056578115043 0.64900216647403
0.020334511408286 0.66897318220188 -0.74300833719446
-0.042998860972436 0.52401081968268 -0.850625510322
-0.15410142971446 0.64219560756378 -0.75089117119976
-0.30603682507387 0.59337908907206 -0.74447479363019
-0.2422160918894 0.73483986973398 -0.63351537525081
0.39983550284744 0.62162285729456 -0.67358488251421
0.48703264951259 0.68730548831574 -0.53889735946635
0.54759031883731 0.58158784050264 -0.60158160418611
0.02792751790451 -0.88297019927881 0.46859756820669
0.13769870536356 -0.91223431119033 0.38583367923018
0.18727568327218 -0.84212536192658 0.50571997513937
-0.16649837322921 0.38311480598386 -0.90857104133247
0.0064085312904187 0.41401940063874 -0.9102454979957
0.68695577093332 0.70119066183216 -0.1908492193874
0.71756847553558 0.61570359728642 -0.32558341973464
0.60125888614137 0.72867162427717 -0.3279106826703
0.1006252415596 -0.97575518945602 0.19436144424944
0.26190397037436 -0.93663787700009 0.23262802425958
-0.21942851467746 -0.96301586888741 0.15636995624947
-0.39917981174481 -0.9053335707164 0.14500552965065
-0.3404233309921 -0.93984823113784 0.028235760009601
-0.46846197745965 0.85086515284615 -0.23784841253767
-0.42310014787234 0.90012493418117 -0.10373701237144
-0.30475965765271 0.91929249643133 -0.24904388583633
0.97206085122569 0.22904029089645 0.051363865318516
0.99443417515657 0.068655050975421 0.079919680030816
0.98659097882441 0.16061195748719 -0.029017918850659
0.77377751978177 0.24306488981088 -0.58496821214627
0.78041641083695 0.34484923258379 -0.52156421702677
0.85593401545933 0.27947632017022 -0.43505166089073
-0.6112537632102 -0.63523977478866 0.47205854031871
-0.55619919358183 -0.55565119274314 0.61797589682935
-0.66452865920585 -0.52878458966049 0.52800427917931
0.77191809395588 0.63205311975792 0.068200513398301
0.7175636885773 0.65666190945217 0.23215832853888
0.79439961892601 0.55019512699665 0.25732191449496
0.25038852285452 -0.502304972085 -0.82764443007938
0.23496706507612 -0.38400224006698 -0.89293491249534
0.34693427622921 -0.41397201213087 -0.84158409036152
-0.62360342376592 -0.74819619061986 0.22654189504229
-0.61495300680493 -0.78484696728625 0.076472461469165
-0.52536538637872 -0.8344757404302 0.16625717857767
-0.83028557670359 -0.55689822271381 -0.022141153000439
-0.74770824779673 -0.66402389450818 0.0021549243440092
-0.79699182215127 -0.59335100812564 0.11286548002061
-0.09180095309918 -0.97662870857583 0.19434235409606
0.030812039731283 -0.99873564465506 0.039720653356246
0.83011476469469 0.48302255953925 -0.27856540419089
0.88191200174129 0.45499299340932 -0.12333935759967
0.74940645420726 0.5136312202387 -0.41781926234749
-0.65352912803593 -0.75458627292549 -0.059154336451413
-0.39597402093973 -0.90934115477419 -0.1276841375221
-0.21634355566281 -0.96955144969811 -0.11474080491035
-0.48496340514766 -0.085674554132897 -0.87032773507554
0.16742296961348 -0.94933804262167 -0.26594516366549
0.0059356391675511 -0.93629735077551 -0.3511581397582
0.15903504311364 -0.89733999000805 -0.41169017160263
0.66780454610535 0.47830043015349 -0.57032077528003
0.2213544707283 -0.32140991379053 0.92070509154982
0.34514162616401 -0.15878338337539 0.92502167274758
0.19109464165465 -0.16415654650498 0.9677476252466
-0.22841511509157 0.92327530989965 0.30885148101865
-0.071960707350998 0.92973344361631 0.36113346621285
0.029264088374731 0.90533469669507 0.42368939105392
-0.005147153385099 0.96437840851117 0.26447644887492
0.2173303619492 0.49695711775865 0.84011971580486
0.2234886956663 0.35729876829755 0.90685742709779
0.33464973478661 0.42345918870595 0.84183838740446
-0.48140022534902 -0.67903440998781 -0.55422566981909
-0.33374653738371 -0.70665152630654 -0.62390453528807
-0.42538570508015 -0.77283596879039 -0.47092628643694
0.4640718773315 0.33334817964233 0.82068037858789
0.45765711118601 0.47295223845255 0.75290513925965
-0.80462726076498 -0.40530377248887 -0.43393988436203
-0.85397571728628 -0.4329303405243 -0.28861184060759
-0.42228595241549 -0.84250620992489 -0.33445158189272
-0.67366216150762 -0.62542506652686 -0.39372932112399
-0.67779981561608 -0.68571275578783 -0.2653025188359
-0.77897423633299 -0.56962447956861 -0.26215852342738
0.68863091655235 0.13415845456536 0.71259313064111
0.67709936079591 0.32316609520594 0.66113548575093
0.59495296238069 0.19255424537435 0.78035494176865
0.47128573846685 0.14297571162603 0.87031471239017
0.017578919448138 0.98924588966539 0.14520176090933
0.11825382564256 0.97045997211532 0.21029378317686
-0.69966769859338 0.55619891744697 -0.44845052767933
-0.58496269317274 0.55789586027484 -0.58870268955076
-0.52039231985585 -0.73129665792401 0.44090478739091
-0.40758259997341 -0.80975284726368 0.4221098797082
-0.39265780768651 -0.74076974551583 0.54505048407578
0.83304358040302 0.089890261168976 -0.5458554150105
0.75816682841683 0.15372787343817 -0.63368036202532
-0.19313974065939 -0.73523950599608 -0.64970755682896
-0.24663508087194 -0.63788810781952 -0.7295682961764
0.033117744972456 -0.16305328672178 0.98606127631966
-0.16838294926389 -0.19719618413951 -0.9657954479899
-0.070492025167815 -0.09164568878828 -0.99329348236776
0.64685390176042 0.15394015675994 -0.7469152950061
-0.13381295748152 0.14727100043975 -0.98000272695515
-0.2475824812337 0.24106391539219 -0.9383981583965
-0.47595316261737 0.87928226351427 0.018201320384693
-0.31369975183899 0.94950692139016 0.0053918390494763
-0.77156827783401 -0.12125294621931 -0.62448387943437
-0.77354909364806 -0.26237627874579 -0.57687129246287
0.27248681000996 -0.95137783614639 -0.14363548050535
0.11848254995103 -0.98937778737912 -0.084222795001752
-0.074761288677286 0.011206083061704 -0.99713849259655
-0.058854306028717 0.13643992802219 -0.98889853711247
0.29246357704282 0.2282475816484 -0.92863776445661
0.147268056988 0.37937688950701 -0.91344693064182
0.2799194149389 0.40435876575481 -0.87071184079322
-0.94295301616653 0.024291817970899 -0.33203842681551
-0.89022959001717 0.07158506778331 -0.44985203692805
-0.15037358523631 -0.93899455365646 0.30931701063258
0.51003798964111 0.75908477796053 0.40453868664377
0.43673360140973 0.85161650602196 0.2898501131113
0.4054896936552 0.8107892392624 0.42213613661437
0.022312107424096 0.2390760861584 -0.97074445395762
0.080979998071116 0.10259101820286 -0.99142186928497
0.18457376450786 -0.59158929413403 -0.78482777252172
0.062241583226166 -0.68874504754996 -0.72232696529543
0.016893458185818 -0.57124481992719 -0.82060585348684
0.79345825134656 0.13283584276776 0.59395171710017
0.87450099076486 0.1502665527992 0.46115938704652
0.84321796299756 0.28208269357558 0.45761645606708
0.4954900311523 -0.32469074181738 -0.80564604585809
0.46754984219169 -0.14932580473436 -0.87126284731243
0.6268195455895 -0.17535348649275 -0.75917614032701
0.2689710195147 0.8600237056653 0.43360560000414
0.34082671540526 0.76442304693292 0.54726095729902
-0.93015728419735 0.35269827379696 0.1020360441964
-0.89494806168602 0.44605389038363 0.010192828756771
-0.95197810577957 0.29575158179035 -0.079175046478386
0.93723291907535 0.14870456168728 0.31540673539874
0.89920045403566 -0.15505813456909 0.40913997405046
0.82214781257338 -0.15417614715892 0.54799880467757
0.82273079010689 0.43224028056361 0.36916444420933
0.75302929048898 0.41700460815869 0.50897352037221
-0.23401578102261 0.27165449225235 0.93350974878225
-0.31750366091392 0.32592900580764 0.89048397429684
-0.39661691617657 0.24782283975377 0.88389980308798
0.8857233576808 0.41547835157229 0.2070552415019
0.82656379183036 -0.49223929042973 0.27293365309588
0.86357369910008 -0.34537769536063 0.36736182949509
0.79056774990396 -0.45727098238352 0.40731545696402
0.66191116334528 0.47683953159087 0.57835773786741
0.48558974153851 0.86360408384083 0.13561190687404
0.37934724433503 0.91271799053505 0.151794393734
-0.61774120084924 0.44713615089828 0.64688876271984
-0.65161586171534 0.55414568390935 0.51799549203214
-0.72778743523999 0.40206409572193 0.55558069804314
-0.62389274221657 -0.70026534659028 0.34696727594153
0.44673650229104 0.85446590151134 -0.26516885313924
0.37577671570114 0.91068945923839 -0.17157088555158
0.49584932710147 0.86282789558727 -0.098292763769602
0.60279222482182 0.63967909995518 0.47691947200224
0.53599004277522 0.55263981123516 0.63820366113316
0.095147813712699 0.30799471643183 0.94661826952356
0.21209818150614 0.23440700420998 0.94871898778252
0.19810081338294 0.092759182419102 0.97578266115665
0.32637305329214 0.14173994311587 0.93455359322528
-0.60270109010429 -0.24493174773596 0.75944705868027
-0.56677646419266 -0.1399978018346 0.81188980478803
-0.68145952818671 -0.099128517669678 0.72511133519492
-0.83425953764066 0.5513324845758 -0.0065966133027015
-0.85174219262893 0.48959981838961 -0.18662061817636
-0.41710967697479 0.62074412593895 0.66384956690976
-0.51431460984992 0.45299485183305 0.72820062229284
-0.39070316648921 0.47740317563299 0.78704335559792
-0.58291086014862 0.29561495681601 0.75685317362582
-0.034459551977449 0.26694279317304 0.9630960930512
-0.022878896923382 0.389638492111 0.92068365986425
0.50948271395851 -0.44302371230247 -0.73767022070516
0.32226406217984 -0.14794334788413 -0.93501798915539
0.74104400770672 -0.17574533881428 -0.64804888282214
0.68701583047831 -0.44680711868718 -0.57303808543818
0.77338872982363 -0.31033177374001 -0.55277849342135
0.80492111016928 -0.40694862368831 -0.43185046495522
0.23703862184777 0.95086213506551 0.19918306115523
0.74858654994794 -0.40918718099661 0.5217125915148
0.71242565472611 -0.55625666945193 0.4278179568208
-0.47476413220665 0.77658343213487 -0.41414634092756
-0.59463657106459 0.75743308090039 -0.26963396727841
0.41549001231894 -0.60959151574291 -0.67510460937359
0.56529924345167 -0.52270594648555 -0.63813420129438
-0.22522871636176 0.50072348014775 0.83579185312777
0.277355401749 -0.81423599259425 -0.50999385239893
0.3484517301643 -0.69573657045523 -0.62811783629881
0.39622869211067 -0.7995860284146 -0.45129259545492
0.9413862432699 -0.19341045211516 0.27637716619646
0.93560953500723 -0.333683672389 0.11528228304708
0.97719837109569 -0.14431740512534 0.1557428332406
-0.78776735739579 -0.09975079634064 0.60784238849479
-0.87088365147553 -0.14861615323163 0.46848148799209
-0.80370853473082 -0.25395189967172 0.53810874723791
-0.75190310780834 0.0055319490037307 0.65925041828457
-0.66792442288584 0.14896860913874 0.72916755194118
-0.77615087833989 0.14929437381266 0.61261815513426
0.1137619260435 -0.79753930843703 -0.59244347889115
0.85408785072939 -0.13446080248603 -0.50244824194265
-0.4791787596903 0.55764038290058 -0.67780891084447
-0.23576848544104 0.1459104234091 0.96079309407042
-0.15444802569144 0.22180411808707 0.96278177203333
-0.036453588008953 0.14050137125856 0.98940916743061
-0.71365218524278 -0.65151679590956 0.25734494971915
-0.35674760518484 0.086044757959123 0.93022978119529
-0.27753342788189 0.035785387843872 0.96004927083197
-0.26454127729931 -0.085068020429306 0.96061508654877
-0.14296715686974 -0.024535684704194 0.9894232624275
0.63694700897719 -0.66624671983106 0.3878322009186
0.59998981601629 -0.62053198416913 0.50492799219282
0.29513018734697 -0.61797792635487 -0.728698466483
0.92326224860706 -0.13404967707966 -0.36002431080675
0.041674954835159 0.09223483014858 0.99486478189096
0.59580809495529 -0.61648921776464 -0.51473659124419
-0.04235329373975 -0.47105678985374 -0.88108552322807
-0.16397988937258 -0.56259381348225 -0.81030784083141
-0.99026141018292 -0.13632066729854 0.028266856383568
-0.97964453538979 -0.12766225738691 0.15491588788694
-0.9957821354732 -0.029703496062362 0.086808069867365
0.94131904953244 0.31102730554877 0.13107426212046
0.94663567967117 0.21680543534044 0.23848751158153
-0.98935316125017 0.091567681563723 0.1131180004126
-0.95009365499342 0.11076240449154 0.29163973750589
-0.95551036934156 0.22452861224245 0.19127685789252
0.47760777451953 -0.4969671928833 0.72450978110457
0.3739210071114 -0.47471136124184 0.79676358096283
-0.88575016495026 0.370211085276 0.27998285238448
0.55989900836502 0.82834668238004 0.018838105580415
0.61802707896206 0.77007045803421 0.1582214250113
0.63015261609466 0.77280124555733 -0.075405008415203
0.16482237309073 0.60812917683132 0.77653878822323
0.053690432052198 0.54009178987083 0.8398917763737
-0.07659189943905 0.5024475237075 0.86120855015526
0.68783226764578 -0.63062099655931 -0.35944948224169
0.56643811236681 -0.70754382158582 -0.42252763861557
0.90478603270285 0.42546552853661 0.018474822134458
0.89799050786399 -0.43996410128095 0.0066811204310272
0.83309512275459 -0.54194665076141 -0.11066320152155
0.91228952773851 -0.39080988086651 -0.122455929198
-0.85642554645818 -0.49105227598587 -0.15938301547811
-0.80540641618538 0.26911324991693 0.52810847700691
-0.88255744421527 0.12373088982048 0.45363313874148
-0.60702086294509 -0.60119535812964 -0.5197016579854
-0.51313601914403 -0.53435509989672 -0.67168151163433
-0.83655608874639 0.37626131617211 0.39824782778287
-0.40647340152839 -0.86485700625365 0.29462133762493
0.62945422976151 -0.43665132503481 0.64274644532716
0.52608771420832 -0.57362514654713 0.62784226379549
-0.70764087020059 -0.48456244430207 -0.51424083501191
-0.22090710977376 0.82973584021656 -0.51258022231796
-0.37165673955913 0.77852471723023 -0.50573761240575
0.54958715272567 -0.78102758332258 0.29656344287215
0.66268500372276 -0.71610123213891 0.21919765320391
-0.18013596113986 0.92225653237581 -0.34204374573199
-0.13505859718447 0.9688947004927 -0.20736980176419
0.4379511636189 -0.85534708741801 0.27673116617103
0.40927096529685 -0.79795259301882 0.44245783557253
-0.49557612869705 0.68354922275635 -0.53587756132799
-0.93119292919421 -0.26876207538871 0.24626545728432
-0.92812320616068 -0.36057848157123 0.092576848152208
-0.88535032238436 -0.39636351038062 0.24300365078053
-0.68799310547431 0.71064147781198 0.14715358246747
-0.7992180870027 0.58998568136949 0.1147490530973
-0.75113325081691 0.62089809939131 0.22424181075233
-0.80227999962899 -0.54883932625268 0.23478116652279
-0.80132677046469 -0.45509398269021 0.38828452693327
-0.1280305072721 -0.96281409377725 -0.23790168143909
0.49230477961177 -0.81805113660926 -0.29736903312837
-0.073025157095717 -0.99385955344381 -0.0831295041463
-0.49559299433993 0.80046979072597 0.33709894407473
-0.59482412418846 0.67536093723363 0.43597232222051
-0.44797173396974 0.73071677309247 0.51514495346987
-0.80816567545127 0.50185848599072 0.30823092165047
-0.7008053176579 0.62592011265042 0.34219281015547
0.17139608273547 -0.25191435220616 -0.9524508081657
0.16193634366812 -0.10366598122214 -0.98134091167986
0.74685007888775 0.66096215580318 -0.073102587241271
-0.054370618774876 -0.77673999418287 -0.62747017239932
0.074448367050852 -0.34056331992275 -0.93726947339954
-0.1008730709559 -0.82165094956581 0.56099406470437
-0.15107121388505 -0.88634345052356 0.43769027410862
-0.66685356359364 -0.10465538133394 -0.73780320945379
-0.56842172352513 -0.16092140376784 -0.80684635838188
-0.61134544406983 -0.27997056762418 -0.74018459135492
0.39960876343076 -0.91293146071276 0.08287933536292
0.21336802824379 0.92380962318095 0.31788341359943
0.82781654480205 0.55906235927825 -0.04657302427622
0.15059106672775 0.8826732135821 0.44520818573613
-0.0092448825176362 0.9822867850559 -0.18715556110298
-0.13449970254085 0.98619182237015 -0.096620492167371
0.78512651772387 -0.59709390769652 0.16448470007419
0.86349510585908 -0.48812528518228 0.12692481287409
0.69865020159691 -0.71180406552265 0.072269413405874
0.62076226109608 -0.7807764805908 -0.071009172330928
0.74196689197201 -0.65871596883759 -0.12481347529716
-0.057709814779225 0.99646396224782 0.061066760348966
-0.18417378790263 0.98198981511054 0.042142838878905
-0.56508414950118 0.15392332165176 0.81054766364121
-0.52228897500845 -0.0093449139652389 0.85271736183076
-0.44112472706171 0.13867683149088 0.88666662933843
0.97648170713475 -0.14421156470824 -0.16027008527981
0.93725499813394 -0.27956299387267 -0.20832090852793
0.98978848982151 -0.14252538304461 -0.0022936008447941
-0.42629327380822 -0.26030974743072 -0.86632146464141
-0.86185422289749 0.20264293271038 -0.46491197048076
-0.80139478457805 0.112593643898 -0.58744282326441
-0.27855078964375 -0.87377214017512 0.39866239431708
-0.35849323727054 0.89332339318897 0.27102751523164
-0.23684420844683 0.95775398875361 0.16313221003757
-0.2842226457847 -0.32489993945809 -0.90202966523462
-0.36752674490473 -0.40013463301199 -0.83953342235083
-0.75201816934353 -0.37860874942752 0.53955916064332
-0.66317409432386 -0.32563361139726 0.6739160717375
-0.92568005286956 -0.0079920871171458 0.37822290552388
-0.050092530641381 0.88050355014396 -0.47138544372714
-0.30524157595703 -0.53633364884989 -0.78687597333928
-0.4499088573962 -0.474293457485 -0.75672170328554
-0.9059995307114 -0.4205135305914 -0.048303425761269
-0.95468285760236 -0.29431418660986 -0.044269639261831
0.50929101281728 0.12581932132991 -0.85134726325022
0.36753874882554 0.12558333443637 -0.92149014873931
-0.99648916635722 0.082546520765003 -0.013979028660429
0.90866600344948 0.090310759849145 -0.40763962127181
0.86633209090632 -0.38067271088458 -0.32335274152799
0.48227596816829 0.77735739416981 -0.40388782137725
0.23668406574996 0.10252981181147 -0.96616162763275
-0.9739202198081 -0.19664575191813 -0.11318062423182
-0.87317012512794 0.29510712649959 -0.38792488509145
0.40287313909376 0.63899576204498 0.65526914308953
0.26797039752952 0.69247834731429 0.66982505518138
0.10341737687243 0.735485229204 0.66960161572652
-0.44073842898422 -0.62028590982063 0.6488412959226
-0.32918830279573 -0.70057243128067 0.63311399434222
-0.72664195894939 -0.00093185813883293 -0.68701571680319
-0.69904411660167 0.13005563856073 -0.70315208449037
-0.61324157728766 0.78549007693011 0.083307304181978
-0.50569363533541 0.84097385500831 0.19244979182559
0.25084632003876 -0.45936754008793 0.85209012835297
0.57800056437243 0.41242728909776 -0.70414421732528
0.50893287010964 -0.860798285433 0.0036939839708767
0.33484006366403 -0.9414253014975 -0.040006667766914
0.23665044703404 0.64164399275393 -0.72958176545291
0.13381425965554 0.7051077503318 -0.69635968029091
0.23658951086761 0.78448544986864 -0.57324338835421
0.083934021232511 0.83872058157575 0.53805470550956
0.29663214255062 0.53481709158935 -0.7911890106351
-0.064613990662117 -0.072300357125845 0.99528774260019
0.63797677984578 0.68728483427837 0.34731136599392
-0.97867235733154 -0.07532661530466 -0.19111859674525
0.75334919771542 -0.60700806729982 -0.25299445158831
0.78271686376827 -0.51746279830266 -0.34581290251456
-0.98126495791603 0.061321094782035 -0.18264393146443
-0.49171043706865 -0.51284062530274 0.70371538218008
-0.43176074170062 -0.43344677380098 0.79101615420145
-0.54430065243388 -0.36551479280443 0.75507333153886
0.38225503123071 -0.89742566888254 -0.22024590786106
0.55361876837547 -0.81016950731413 -0.19269568941939
0.022019020660291 0.81052716847085 -0.58528699959916
-0.57206045069063 -0.39502551925284 -0.71881964350918
-0.674216365892 -0.34008805237437 -0.65557029264267
-0.32254923681396 -0.39365835387559 0.86081071685632
-0.30990185855293 -0.21737879776988 0.92558484016624
0.77096824784065 -0.24460463538788 0.588027663608
0.70495350431309 -0.34990385169911 0.61693423581677
-0.97059686182544 0.18301195839134 -0.15635969717413
-0.21483957732004 -0.75119572057863 0.62413856266161
0.24451612773846 -0.61031762146949 0.75347479334057
-0.54868167766797 -0.81365932251325 -0.19211174737309
0.22871357932416 0.86990578310658 -0.43698286825739
0.062448936063835 0.90623222816497 -0.41814265391089
0.1578106001701 0.93450508628851 -0.31905494538535
0.33284703725822 0.81400559090525 -0.47603334732287
0.96951637212451 0.068633169900186 0.23521796736638
-0.69683243387002 0.63935944342736 -0.32502932361103
-0.7948145930835 0.51115891610763 -0.32708764132139
-0.44094015715458 -0.15465360722175 0.8841120062423
-0.68867376956227 0.7098892350957 -0.1475998408269
0.56068026812751 0.28007855011214 -0.77922631032296
0.44215655834272 0.38437369551722 -0.81040387468778
0.22431345757962 -0.72636122616807 0.6496790298819
-0.65978857607318 0.75101434035725 -0.025622167376655
-0.76542123253869 0.63825210750948 -0.082247091368989
0.65782363245752 -0.091431828284928 0.74760169164928
0.76752641882317 -0.091210380504366 0.63449496680173
0.33463949077645 -0.75358208228953 0.56580072151337
-0.077945793592091 0.047802425793568 0.99581091646434
-0.93821738444305 -0.1619307603399 0.30582113789696
0.095437360257668 0.97011094600151 -0.22310639326362
0.26126849309875 0.93434410683212 -0.24236308411555
0.65141215700528 -0.27172958605265 0.70839624065165
-0.85821202090192 0.40860530630094 -0.31066675207071
-0.92949633840644 0.27413851004581 -0.24674811893687
0.44580131129543 -0.67898391960565 0.58330268965969
-0.10751571214724 -0.33650337159872 -0.93552437303587
0.0047569896704787 -0.10248085385694 -0.99472360263644
-0.7377447285859 -0.37918881688081 -0.55852355061917
