48 50 49
49 50 51
52 54 53
52 53 55
56 58 57
59 61 60
62 64 63
65 67 66
65 66 68
69 71 70
72 74 73
75 77 76
78 80 79
76 77 81
82 84 83
85 87 86
88 90 89
88 89 91
92 94 93
95 97 96
98 100 99
101 103 102
104 106 105
107 90 88
63 64 108
95 96 109
110 112 111
113 115 114
82 83 116
73 74 117
85 86 118
63 120 119
121 123 122
124 126 125
127 129 128
55 131 130
132 134 133
119 120 135
74 72 136
74 136 137
138 140 139
138 139 141
142 144 143
143 144 145
146 148 147
6 150 149
151 153 152
133 134 154
148 146 155
156 158 157
159 161 160
162 164 163
6 149 7
165 167 166
165 166 168
169 171 170
172 91 173
173 91 174
175 177 176
157 158 178
179 181 180
151 152 182
183 185 184
175 176 186
187 189 188
190 192 191
191 192 193
194 104 105
195 197 196
198 200 199
201 203 202
106 204 105
196 197 205
206 208 207
209 195 196
210 212 211
209 196 213
214 216 215
217 219 218
220 222 221
215 216 148
223 225 224
226 228 227
229 231 230
232 234 233
90 107 235
236 238 237
237 238 239
240 242 241
206 207 82
232 233 243
244 246 245
235 107 247
235 248 90
249 251 250
56 57 252
253 255 254
254 255 256
215 258 257
26 260 259
26 259 27
261 263 262
250 251 264
265 267 266
268 270 269
261 262 271
272 39 40
268 269 273
257 258 274
275 105 276
277 279 278
278 279 280
281 283 282
284 286 285
287 101 288
289 291 290
292 294 293
295 297 296
290 291 106
298 300 299
299 300 301
302 159 160
264 304 303
305 307 306
308 84 309
310 312 311
310 311 313
314 316 315
317 319 318
317 318 320
320 318 321
322 324 323
325 327 326
328 330 329
331 333 332
305 306 334
335 337 336
338 339 16
340 342 341
343 286 344
345 346 277
345 277 347
346 348 210
210 348 258
349 351 350
341 342 352
353 354 282
282 354 355
356 358 357
323 324 359
360 362 361
363 365 364
282 355 281
343 344 366
43 367 44
368 370 369
369 370 371
372 374 373
375 377 376
375 376 145
378 380 379
381 382 305
292 293 383
384 386 385
387 389 388
390 288 391
392 394 393
395 397 396
398 400 399
401 403 402
402 403 404
405 407 406
298 408 88
409 411 410
412 413 156
414 416 415
417 419 418
418 419 420
405 406 421
422 323 423
424 426 425
427 325 428
429 431 430
430 431 432
433 435 434
436 438 437
437 438 439
436 441 440
433 434 442
443 444 296
296 444 445
446 448 447
449 451 450
452 454 453
384 385 455
456 458 457
459 461 460
462 464 463
331 465 251
449 450 466
467 469 468
331 251 470
468 469 471
472 334 473
462 463 474
475 477 476
478 480 479
481 483 482
484 486 485
156 413 487
488 490 489
491 274 492
485 486 493
494 496 495
481 482 497
484 485 498
494 495 499
500 502 501
503 505 504
428 325 326
506 357 507
464 462 387
508 510 509
511 513 512
511 512 514
500 501 515
516 518 517
519 521 520
519 520 514
522 524 523
525 513 526
527 529 528
523 524 530
526 513 229
531 533 532
534 536 535
537 136 538
539 541 540
539 540 542
543 545 544
544 545 546
547 549 548
547 548 550
551 553 552
554 304 555
556 558 557
557 558 559
560 562 561
560 561 563
564 566 565
565 566 567
434 568 442
569 571 570
494 499 572
573 574 325
575 577 576
575 576 578
579 580 523
579 523 530
581 539 542
572 499 582
583 585 584
584 585 586
69 588 587
587 588 589
590 592 591
593 115 594
158 156 487
595 597 596
587 589 598
598 600 599
158 487 601
532 533 602
221 222 303
303 222 264
603 377 604
604 377 605
590 591 606
607 609 608
610 612 611
608 609 613
614 616 615
614 615 617
618 620 619
618 619 621
622 624 623
623 624 625
626 628 627
627 628 629
630 632 631
630 631 633
611 612 634
635 637 636
638 640 639
430 432 641
636 637 642
639 640 643
644 646 645
647 649 648
647 648 650
651 653 652
654 656 655
641 432 657
658 660 659
661 663 662
664 666 665
667 669 668
668 669 670
307 430 641
671 672 238
673 675 674
676 678 677
677 678 679
680 682 681
680 681 683
658 659 684
299 686 685
674 675 687
688 690 689
691 693 692
674 687 694
551 552 695
696 698 697
699 701 700
702 704 703
307 641 306
699 700 705
696 697 706
707 709 708
707 708 710
711 713 712
714 716 715
714 715 717
718 720 719
721 723 722
721 722 724
698 725 697
726 396 397
457 458 727
728 730 729
731 733 732
734 735 687
736 738 737
737 738 739
731 732 740
741 742 531
743 745 744
729 730 746
747 749 748
750 752 751
750 751 753
594 115 113
594 113 754
113 755 754
748 749 756
757 759 758
760 695 552
761 763 762
764 766 765
757 758 767
531 742 533
768 654 769
770 772 771
769 654 773
774 776 775
703 704 777
760 552 778
162 780 779
781 782 677
677 782 783
784 786 785
784 785 787
788 726 789
790 679 791
792 794 793
789 726 397
793 796 795
795 796 797
798 799 708
708 799 710
791 679 678
800 802 801
390 391 359
803 805 804
596 597 806
807 809 808
810 576 811
812 814 813
808 809 182
815 817 816
816 817 818
580 239 819
73 117 60
820 663 821
822 824 823
821 663 825
60 117 826
724 827 400
285 829 828
285 828 284
830 832 831
831 832 833
360 834 755
360 755 113
835 837 836
835 836 838
834 840 839
60 826 59
841 843 842
844 266 267
845 846 374
374 846 373
847 807 808
848 628 849
850 852 851
853 675 854
850 851 855
856 857 427
854 675 858
859 861 860
859 860 862
800 801 863
802 864 801
801 864 865
427 857 325
866 868 867
869 871 870
872 874 873
875 853 854
872 873 876
877 879 878
788 881 880
788 880 882
883 884 619
883 619 563
885 887 886
886 887 888
889 891 890
892 894 893
890 891 895
875 854 896
897 899 898
897 898 900
901 646 902
903 904 490
903 490 905
906 908 907
738 909 739
161 911 910
44 912 170
44 170 43
913 915 914
916 918 917
917 918 919
913 914 920
901 902 921
104 194 922
923 840 618
618 840 924
466 894 925
926 927 67
928 930 929
928 929 931
932 934 933
466 925 935
936 938 937
936 937 939
940 941 396
942 943 545
545 943 546
944 946 945
104 922 947
948 950 949
951 953 952
952 953 954
955 668 670
956 957 447
161 910 160
958 960 959
959 960 961
962 964 963
962 963 124
447 957 446
965 967 966
944 968 626
847 808 969
944 626 970
971 973 972
974 976 975
972 973 602
975 976 977
978 141 828
979 981 980
828 141 284
982 984 983
979 980 655
985 987 986
467 988 664
989 991 990
982 983 992
993 995 994
996 998 997
996 997 999
1000 1002 1001
392 116 1003
884 1005 1004
884 1004 621
1006 1008 1007
1009 656 1010
1006 1007 1011
747 383 1012
1000 1001 1013
473 216 214
1014 529 1015
1016 1018 1017
1014 1015 1019
1019 1015 756
1020 1022 1021
1023 1025 1024
1021 1022 1026
283 1028 1027
1023 1024 1029
1030 946 575
1031 965 1032
575 946 970
1033 1035 1034
1032 965 1020
1036 1038 1037
984 982 1039
1040 1042 1041
1043 1045 1044
54 103 53
1037 1038 1034
1046 798 1047
276 150 1048
150 276 149
1047 798 1049
1050 1051 33
930 114 1052
1053 1055 1054
503 669 1056
1057 1059 1058
1057 1058 1060
1061 1063 1062
1062 1063 1064
1037 1034 1035
1065 1067 1066
1044 1045 1068
1069 1071 1070
1072 1074 1073
1072 1073 1075
1037 1035 1076
1077 899 1078
620 1079 560
620 560 563
1030 1080 964
1070 1071 1081
1082 1084 1083
1082 1083 1085
181 1087 1086
1088 1090 1089
1086 1087 1091
1092 1093 249
205 197 1094
852 1096 1095
1097 1099 1098
1100 1102 1101
1101 1102 1103
1100 1105 1104
1104 1105 1106
1107 1108 897
1054 1055 1109
357 1111 1110
1039 982 1112
1107 897 900
274 258 348
1113 89 90
722 1114 724
1092 249 250
36 775 37
1115 1117 1116
1118 1120 1119
1121 1123 1122
256 178 158
1124 1125 647
1095 1096 1126
1127 254 1128
923 1130 1129
1131 561 1132
747 1012 1133
1134 1130 1004
423 1136 1135
804 1137 435
1138 847 1139
1139 847 1140
1141 1143 1142
1142 1143 1144
804 435 433
1145 1147 1146
1148 1046 1025
1025 1046 1149
1150 528 1151
1150 1151 1152
1145 1146 1153
1132 561 1154
913 1156 1155
913 1155 1157
1158 1160 1159
1147 903 820
1161 1163 1162
1164 1166 1165
1116 1117 1167
820 903 905
955 1169 1168
955 1168 668
1135 1136 1170
286 284 139
1171 1173 1172
1172 1173 920
1174 1176 1175
1174 1175 1177
604 605 1178
1179 1180 1056
1181 1183 1182
1184 1186 1185
1184 1185 1187
1188 881 1189
1190 1192 1191
1190 1191 1193
1178 605 1194
139 284 141
1188 1189 1195
1196 1197 1102
1196 1102 1198
1127 1128 1199
1200 974 1201
665 421 1202
498 1204 1203
1205 1207 1206
1010 1209 1208
1210 1131 1132
1209 1212 1211
1210 1132 1213
1214 822 1215
1215 822 823
1216 1218 1217
1217 1218 863
1158 1159 1219
1220 1222 1221
1223 329 997
1200 1201 1224
1225 1227 1226
1225 1226 1228
1229 1231 1230
1230 1231 1232
1233 1235 1234
1234 1235 1236
1220 1221 1237
1238 858 673
973 1240 1239
973 1239 602
1238 673 1241
997 329 330
1242 1244 1243
1245 1247 1246
1242 1243 1248
1249 1251 1250
313 650 1252
1253 1255 1254
1249 1250 517
1253 1254 1256
733 1257 1197
733 1197 1196
600 1259 1258
1260 290 1261
1260 1261 1262
600 1258 599
1234 1263 942
942 1263 1264
1265 546 1249
1249 546 1251
1085 1267 1266
1268 642 1269
1270 1171 786
786 1171 1271
1246 1247 1272
1273 1275 1274
932 1276 689
1277 1279 1278
1280 1281 1277
1085 1266 1082
1280 1277 1282
1283 1285 1284
1237 1287 1286
1135 1288 423
1239 532 602
1289 1156 1173
1173 1156 920
889 201 891
1290 1292 1291
1293 1294 1042
1293 1042 1295
1296 1294 1297
1296 1297 1298
1299 1148 848
848 1148 1300
689 1276 1301
1302 1304 1303
1305 1307 1306
1308 680 683
1303 1304 1309
1303 1309 1310
1311 1313 1312
1314 167 1315
1314 1315 1316
75 1318 1317
1290 1291 1319
1320 1322 1321
1323 751 1324
1306 1307 1325
1320 1321 1326
1134 1004 1327
1328 1330 1329
12 1331 11
129 1333 1332
129 1332 128
1334 972 1335
1335 972 533
684 659 1336
684 1336 1337
1338 1339 1323
1340 1342 1341
128 1332 1343
1323 1339 1344
1345 1170 1136
308 99 366
1052 115 593
822 1214 1346
1347 1349 1348
1348 1349 1350
1351 1353 1352
1354 1356 1355
1355 1356 1357
1346 1214 1358
1052 593 1359
1328 1329 1360
1285 1362 1361
635 1364 1363
1363 1364 1365
294 806 1366
799 1367 1191
799 1191 710
640 1369 1368
640 1368 643
1370 1372 1371
1373 287 390
1084 907 1226
1226 907 1228
1374 1375 623
1373 390 1068
1376 1374 816
1377 1378 674
1376 816 818
76 1380 1379
1370 1371 1381
1382 57 1383
1384 1386 1385
1367 1388 1387
1367 1387 1193
1389 1150 1057
1057 1150 1152
1317 1318 1390
850 1369 1391
1392 1394 1393
1395 482 403
1396 1397 543
1396 543 1398
1397 1399 1233
1400 717 411
1401 1403 1402
1404 302 685
1233 1399 1235
1405 1407 1406
159 302 1404
411 717 410
1406 1407 1408
1409 1410 1395
1395 1410 482
1411 1413 1412
1414 1416 1415
1417 1419 1418
1414 1415 1420
1421 1423 1422
1422 1423 1424
1274 1275 1425
1426 1428 1427
1426 1427 1429
1430 1431 437
437 1431 1432
1433 1435 1434
1433 1434 1436
1437 1439 1438
1437 1438 1440
1441 1443 1442
1441 1442 1444
1168 1445 668
668 1445 667
1446 1447 556
1402 1403 706
535 1449 1448
1450 1452 1451
1384 1385 1453
1382 1383 1454
1455 1456 795
221 584 586
767 758 1457
795 1456 792
1458 1460 1459
767 1457 1459
1461 1278 1462
53 103 3
235 1464 1463
221 586 1465
248 235 1463
1463 1466 248
606 1301 1467
95 434 1468
1469 1470 1048
1462 1278 1471
1468 434 1472
1267 1077 1473
333 1435 332
1214 1475 1474
1214 1474 1358
1476 342 1477
1476 1477 652
1478 1019 1479
3 1480 4
1478 1479 1481
1267 1473 1482
72 1483 136
1484 1485 438
1484 438 1486
1450 1451 1487
1488 1490 1489
136 1483 538
1487 1491 1450
506 1492 1111
1450 1491 1493
1387 1494 1193
1495 1496 462
1497 24 25
1498 1499 1497
1489 1490 1500
1501 1503 1502
1504 424 1505
1506 1507 960
1506 960 1508
1495 462 1509
1501 1502 1510
904 1503 1511
1512 1513 1174
1174 1513 1514
1023 1512 1515
1516 1518 1517
904 1511 1519
1520 218 1521
1522 1524 1523
1470 276 1048
1023 1515 1300
276 1470 275
84 308 83
462 1525 1509
778 440 441
1520 1521 1526
778 441 1527
1467 1528 590
1517 1518 1529
1530 1416 1531
474 476 1525
1532 1533 1435
1534 1536 1535
1537 1539 1538
593 1540 1359
1537 1538 1541
199 1469 1542
1543 1544 871
308 309 99
1545 1546 715
715 1546 410
252 1547 56
1548 365 1549
1550 30 31
1392 1393 1551
753 1553 1552
753 1552 1554
1208 1556 1555
510 887 567
1555 1556 394
1543 1557 1544
1558 510 566
1208 1555 1010
566 510 567
1010 1555 1009
510 1558 509
753 1554 1559
753 1559 750
1523 1524 1560
1561 1563 1562
433 442 487
76 1564 75
76 81 1380
1565 979 1566
1565 1566 1567
106 104 290
22 1568 21
433 487 413
1569 1402 1570
458 1571 727
1532 1337 1533
679 1572 781
1570 1402 697
697 725 1570
495 496 1573
1574 1575 981
1139 1577 1576
1557 1543 399
1518 1578 1529
1579 1580 876
1581 1388 1299
1299 1388 1582
1581 968 1245
1245 968 1247
1583 1585 1584
1533 1337 1586
1587 1583 906
1588 1589 234
1579 876 1590
1591 802 1351
1591 1351 1592
1593 525 1594
1593 1594 1595
1588 234 1596
1597 1599 1598
1597 1598 1600
1599 61 1601
1601 61 59
871 78 1543
1186 1602 1115
1396 1604 1603
1396 1603 1605
1548 1549 1606
1607 1608 882
474 1525 462
80 78 869
1570 725 1609
118 86 1610
1611 1610 1612
1613 1615 1614
1613 1614 92
96 1616 109
1617 1080 578
1283 1619 1618
1620 1118 1119
1620 1119 1257
1621 1622 1390
1536 1534 1333
1623 701 699
1542 1469 1480
1624 1626 1625
1618 1619 1627
1483 1628 900
565 567 885
885 567 887
1629 1607 880
1629 880 1630
1631 1633 1632
1634 1527 441
1618 1627 1635
1634 441 1432
1636 1638 1637
1639 1641 1640
1642 1643 1169
950 1645 1644
1646 1325 1307
1647 1273 1274
1648 1650 1649
839 1652 1651
1646 1307 1653
1649 1650 1654
1655 1656 217
150 6 5
1657 1659 1658
1658 1659 1660
1661 1662 1506
1661 1506 1508
1663 1662 562
1663 562 1664
1536 1333 1665
561 883 563
1666 1477 1667
1668 858 1669
1670 1672 1671
1673 1675 1674
1674 1675 1676
1636 1637 1097
888 1678 1677
1679 1680 699
1642 1169 1681
1682 1683 19
1684 508 1406
699 1680 1685
1684 1687 1686
1453 1385 1688
1689 1691 1690
1690 1691 1692
1693 517 1250
1480 1469 1048
119 1694 63
1625 1626 1695
210 1696 212
1697 1699 1698
210 258 1696
1097 1637 1099
1700 1702 1701
1703 1704 1663
1663 1704 1705
1706 1703 1707
1708 333 470
1709 1413 1710
690 1711 932
470 333 331
1534 1712 1207
1534 1207 1205
1632 1633 1
932 1711 934
694 1713 1073
694 1073 1377
1714 1716 1715
1717 1719 1718
1717 1718 1720
1721 1723 1722
1715 1716 1724
1725 926 1183
68 1726 65
1727 127 128
1728 1730 1729
1710 1413 1411
1731 1733 1732
1450 1493 1270
1450 1270 1734
1735 1493 1736
1735 1736 1060
1672 633 1737
1738 1740 1739
125 126 1741
1742 729 1612
1732 1733 1743
161 285 343
1742 1612 86
1744 1746 1745
927 1747 66
1745 1746 1748
693 1749 819
788 1750 1189
788 1189 881
1751 1753 1752
1754 328 1755
161 159 285
1751 1227 1756
1756 1227 1757
1723 428 326
1758 1760 1759
1761 1763 1762
1762 1763 1653
1764 1765 1563
1732 1743 1392
1563 1765 1562
1764 1563 1766
1766 1563 1767
698 1768 725
125 1741 878
1769 1681 763
1770 1494 1318
1754 1755 1771
1772 1446 1434
1434 1446 1436
1773 1775 1774
1776 1039 1112
1777 1779 1778
889 1781 1780
1782 1783 836
836 1783 838
1784 1786 1785
1787 1789 1788
1790 1782 1059
1790 1059 1152
298 88 300
1791 1793 1792
1794 1796 1795
1797 1799 1798
1797 1798 1800
1801 1763 1338
1338 1763 1802
1801 1803 1646
1646 1803 1804
1788 1789 1805
1806 405 666
1424 1423 1807
1807 1423 1808
1809 1810 10
1806 666 988
10 1810 1811
1812 1813 1465
1465 1813 220
1814 1816 1815
1647 1274 1492
1814 1815 1817
1818 1820 1819
1784 1785 1821
1822 22 1823
1628 1107 900
749 747 1133
1819 1820 1824
915 1825 1547
1826 1827 1164
1417 1219 1024
1417 1024 1149
54 102 103
1828 1829 391
1830 1832 1831
1831 1832 1833
1834 1430 1437
1437 1430 439
1547 1825 1835
1177 1175 1836
1177 1836 629
1823 22 23
110 1838 1837
1837 1838 1839
1496 1495 1840
78 871 869
1841 1842 1440
1819 1824 810
810 1824 1843
1844 1846 1845
1847 206 1848
749 1133 1479
281 355 1849
1844 1845 1252
1850 1852 1851
1591 1384 1091
453 1854 1853
1543 1855 399
56 1835 1856
1777 1778 1857
638 1342 1391
985 1849 1858
1859 46 1860
1861 1862 633
1863 1355 1864
1864 1355 1865
1591 1091 1866
1003 83 1867
672 1868 238
238 1868 239
1869 1871 1870
1870 1871 1872
1873 511 520
1873 520 1874
1875 1877 1876
132 101 287
1878 1475 1879
1879 1475 1880
1881 1883 1882
597 595 1884
1875 1876 925
1885 1125 1886
1886 1125 1124
1887 1889 1888
1422 28 1890
1890 28 27
1887 1888 36
862 1729 1891
1529 759 345
718 327 574
718 574 1892
1893 1361 1894
1895 1897 1896
1529 345 1517
1856 1835 1898
207 1899 309
1900 1083 1752
1752 1083 1901
1894 1361 1838
1163 1903 1902
1904 1905 184
1163 1902 678
1671 1907 1906
1908 1269 1909
1910 1912 1911
1910 1911 1263
1913 1914 1108
1108 1914 1078
1915 1409 1916
227 1918 1917
1919 1921 1920
1915 1916 1922
1671 1906 1065
1488 1924 1923
1925 1738 1756
1926 1489 1927
1051 547 1928
1051 1928 32
1192 1929 707
1192 707 710
885 1929 1055
1756 1738 1930
885 1055 1931
1932 1735 1058
1058 1735 1060
1289 1932 837
1289 837 1933
479 1935 1934
1339 1936 1452
1075 1592 1937
448 1654 1360
1938 1940 1939
1939 1940 1941
1942 369 371
1908 1909 1776
1942 371 1873
371 1943 1873
1944 683 1187
1187 683 681
1917 1918 52
535 1946 1945
1947 1949 1948
1948 1949 1950
1947 1407 1951
623 1375 902
535 1945 1449
1951 1407 1952
1953 657 432
1954 1956 1955
731 135 1620
1957 1959 1958
1960 1961 67
1962 1963 1722
1860 46 45
1964 1350 1126
1842 1834 1440
1339 1452 1965
623 902 1966
917 919 571
67 1961 926
1409 1915 1410
569 1325 1967
1967 1325 1804
1968 1572 1265
386 609 1969
1970 1817 297
1971 1106 1972
1968 1265 1249
1973 1975 1974
2 1977 1976
1978 1979 1714
1980 1982 1981
1983 1701 1984
1985 1986 1796
1987 389 1988
391 1829 1989
1990 1883 948
1985 1796 1991
1992 1993 1872
1714 1979 1716
1994 1995 813
1969 609 1996
1994 813 1997
1998 1999 1732
1981 1982 2000
1724 1276 2001
2002 2004 2003
688 2005 15
1053 1877 1055
1858 1849 138
138 1849 2006
985 1858 2007
1055 1877 1931
1872 1993 1919
1693 2008 516
1721 1722 1963
2009 1864 2010
2 1976 3
516 2008 2011
2009 2010 2012
1229 1872 1919
2013 1777 1857
1392 1551 1998
1998 1551 2014
2015 2017 2016
2018 1897 1418
2015 2016 1464
2019 2020 1213
408 2021 247
2021 408 302
160 2021 302
1418 1897 1158
2018 1687 1948
2022 2023 272
1861 633 2024
1948 1687 1408
1847 1848 2025
1955 1956 2026
2027 1470 1469
1380 382 2028
1213 2020 2029
2030 2032 2031
224 225 2033
1314 1316 2034
2035 686 2036
2037 132 287
132 1977 101
2036 686 2038
272 2023 2039
2040 1791 2041
121 2035 2036
1511 499 495
1511 495 2042
2041 1791 2043
356 2045 2044
2003 2004 1033
2046 356 1110
2047 2049 2048
2047 2048 2050
1426 1905 2051
2052 316 721
721 316 2053
2054 2055 763
1485 70 1439
1316 1284 1893
1439 70 2056
1188 1195 2045
1316 1893 2057
2058 1832 2059
2059 1832 1830
723 1461 1462
1557 2061 2060
2060 2061 827
1903 1161 2062
1259 2063 1365
1259 1365 1364
2062 1161 2064
2065 1072 2066
2065 2066 2067
1027 282 283
2068 385 386
2069 2071 2070
2072 2074 2073
2072 2073 2075
1112 2074 2076
1112 2076 1776
2077 2079 2078
297 1817 2080
1998 1732 1392
54 1828 102
776 774 2081
2068 386 1969
2081 774 35
367 43 1466
1466 43 2082
1570 1609 2083
2077 2078 2084
2085 1616 96
2086 485 2087
508 1678 887
1260 289 290
2088 1768 2089
2083 1609 2090
2091 1633 2092
1773 2093 2089
365 2091 2094
2095 755 839
1724 1467 1301
1713 1592 1075
839 755 834
2096 2098 2097
1460 1458 2099
2099 1458 2100
2096 2097 1296
2101 2102 1869
1869 2102 1981
143 2103 142
2104 2106 2105
488 489 1031
1978 2108 2107
1978 2107 2109
231 2111 2110
2105 2106 2112
1895 1160 1158
2113 2115 2114
2113 2114 2116
231 2110 230
488 1031 2117
508 887 510
2118 2120 2119
365 2094 364
603 2121 933
1842 2122 2072
199 1542 198
1425 2046 1110
1721 1963 2123
1842 2072 2124
2125 776 2126
384 455 995
2125 2126 2127
2122 2128 2076
2076 2128 1908
2109 2129 1256
2130 2126 2081
2130 2081 34
93 2131 461
648 2132 1844
2133 2135 2134
2133 2134 2136
30 1550 672
2007 1858 141
2137 2139 2138
2140 2142 2141
2137 2138 267
995 455 2143
30 672 29
293 294 2144
2145 2146 1879
2147 294 292
94 2149 2148
2150 2151 418
2140 2141 2152
2145 1879 1880
678 1902 791
2153 992 983
672 2154 29
29 2154 2155
29 2155 28
2156 386 384
2157 962 124
1048 150 2158
945 1272 1247
418 2151 417
2159 2036 649
649 2036 2132
1464 235 2015
1263 1911 2160
235 247 2015
1263 2160 1264
1774 2161 2093
2090 830 2162
912 44 45
2163 98 1632
2162 830 505
1957 79 1959
1690 2164 940
2165 2166 415
940 2164 941
2166 358 2044
105 204 276
204 149 276
2093 2161 1608
85 118 2167
94 2148 2168
2169 1447 2170
2171 2173 2172
2172 2173 2174
874 872 1657
1332 1205 1206
382 381 2175
696 706 2176
696 2176 2177
2178 2179 764
2178 764 765
41 2180 42
2181 1466 2180
2179 2183 2182
2182 2183 2177
2173 1896 1950
2167 118 2184
2158 150 5
1490 85 2167
1490 2167 1500
132 2185 1977
1961 2186 926
1206 1119 2187
1206 2187 1332
874 1657 1658
3 1976 1480
531 384 741
2166 414 415
414 2166 1195
2166 2044 1195
170 2165 169
2188 1839 1838
2188 1838 1361
169 2165 415
2153 983 987
1584 2189 664
2042 1573 2190
2042 2190 2191
1380 2028 1379
1340 2079 1342
1785 2091 1548
1342 2079 2077
289 1260 1810
1719 2192 1577
1719 1577 1370
2193 901 921
2194 1342 2077
2170 1447 1878
2195 2197 2196
2195 2196 2198
2199 2201 2200
1584 664 665
2202 1682 18
118 419 2184
206 2123 208
1353 2203 1352
1352 2203 2067
2204 701 2205
1878 1447 2206
203 2208 2207
228 226 2209
2205 701 1623
2200 2201 2168
2210 2212 2211
2211 2212 1545
2207 2208 1834
49 2213 48
2214 2049 1679
1679 2049 1680
186 2215 175
2216 411 2217
2218 2219 2116
2116 2219 2113
2220 2221 1293
1293 2221 2222
2216 2217 2223
2023 2022 2224
2023 2224 2225
2226 775 2227
2227 775 1505
1772 2228 1474
1772 1474 2206
1034 2229 2003
1679 699 2230
1034 2003 1033
404 2231 402
1032 2117 1031
382 2175 2232
1624 1386 2233
1336 2234 1586
1336 1586 1337
2235 2237 2236
1692 2239 2238
1692 2238 2164
2240 1395 401
1685 1680 2241
2236 2237 2215
938 2242 971
1039 2243 984
2244 2242 1101
2244 1101 1103
2215 186 2236
2245 2246 1403
2245 1403 2247
2129 2249 2248
2129 2248 1340
2250 2252 2251
2129 1340 2253
398 315 2052
2052 315 316
2129 2253 1253
1792 2255 2254
2251 2252 1975
2236 186 1413
766 1826 2256
766 2256 765
2257 1194 2258
2258 1194 605
1765 597 2259
1765 2259 1562
1792 2254 2260
1362 1669 1238
2261 2262 299
2263 803 804
2261 299 301
491 492 2264
171 169 2265
2265 169 416
257 2266 215
2267 2268 1611
2269 2271 2270
2270 2271 2272
1984 404 403
407 2273 975
1984 403 483
2142 1711 2274
1738 1739 350
2275 450 2276
2276 450 471
247 2021 2015
2274 1711 18
456 782 458
458 782 2277
772 2279 2278
966 2191 2280
2278 2279 2281
1898 1835 2282
2282 1835 1825
1237 1221 2283
2284 2286 2285
207 208 2287
2233 1386 2288
377 375 2289
1237 2283 1938
1874 2290 1942
1874 1942 1873
2285 2286 2291
763 2055 762
1238 1669 858
2283 1221 2292
1878 1879 2293
1785 1548 1821
2294 1706 362
2293 1879 2295
362 1706 361
2288 1592 1713
79 80 1959
1683 2296 20
1882 1883 2297
2280 2191 2190
833 2299 2298
1882 2297 2300
1140 2302 2301
156 157 1305
1721 1847 2303
156 1305 412
2303 1847 2025
446 2304 1144
2305 1960 2306
866 763 761
2307 1960 2305
2308 1898 2309
2310 2312 2311
6 2313 5
2314 2316 2315
2317 2220 1295
2315 2316 2318
2307 2305 2319
2310 2311 2320
193 1823 2321
2312 1311 2322
2322 1311 2241
2201 1115 1116
2119 825 661
896 1668 2323
661 825 663
2319 2305 2324
844 267 2325
844 2325 2326
763 866 1769
325 857 573
591 13 14
2272 1818 1175
2133 2219 2327
1769 866 2328
1840 457 727
1302 2330 2329
2329 2330 736
2272 1175 1176
2036 2331 2132
2132 2331 1844
1626 1624 2233
2332 32 2333
1104 1106 2334
2334 1106 1971
1794 1795 2335
2335 1795 449
2111 231 370
370 231 371
10 1595 1594
2336 2338 2337
2333 32 31
10 1594 9
2339 2341 2340
2336 2337 2342
2339 2340 1576
1022 965 2320
372 8 1594
1594 8 9
2343 2344 236
1032 1020 994
2345 2347 2346
2346 2347 2348
2307 814 2349
1318 1494 2350
2349 814 2351
2343 236 579
671 2344 2352
1166 1697 2239
293 2144 2353
1509 2354 1495
2355 388 2356
674 694 1377
671 2352 2154
2356 388 2357
1538 2353 2144
1541 1538 2144
2358 2359 1330
229 230 526
2360 1390 2350
2361 2362 1116
2256 2363 1691
1691 2363 1692
1074 2365 2364
1074 2364 1377
526 230 845
2350 1390 1318
2366 2367 1921
138 2006 140
138 141 1858
2368 2141 2274
2368 2274 19
2369 2371 2370
682 2373 2372
682 2372 739
2361 1116 1956
1932 1289 2374
2374 1289 2375
2370 2371 1063
569 2376 1306
569 1306 1325
1026 1022 2377
2324 2379 2378
1020 1021 993
2380 939 2381
2381 939 2382
145 2383 375
375 2383 2384
2027 1469 199
845 230 244
833 2298 996
2324 2378 2385
2332 2386 33
1119 1206 1257
2387 1906 1907
2096 2388 2098
2332 33 32
2358 1330 1328
2144 1764 1541
2389 2391 2390
80 199 1959
2358 1328 2392
2387 1907 2393
1383 57 58
2394 2396 2395
2394 2395 1757
1832 2058 2397
2097 2098 2398
1045 1530 1531
56 242 58
2399 1695 2400
1013 507 2401
474 1666 1667
2097 2398 2402
474 1667 476
2403 2405 2404
2389 2390 2406
582 1510 2407
2408 2381 2311
1631 2092 1633
2311 2381 2377
2403 2404 2378
2050 2408 2322
634 612 1290
2050 2322 2047
1983 2409 1462
2267 1611 1612
1462 2409 723
2410 2412 2411
2410 2411 2413
1440 1438 1841
1841 1438 2414
2290 1874 2415
188 2417 2416
1993 2418 1919
2419 2400 2420
188 2416 2421
2420 2400 875
2415 1874 2422
2267 1612 746
2423 2424 1675
2423 1675 1673
2342 2425 1675
1016 2026 1167
1016 1167 2330
351 2427 2426
2342 1675 2424
548 549 2428
1196 2429 732
732 2429 2430
459 2432 2431
1050 2428 549
1088 2434 2433
2435 2417 260
2037 134 132
1855 1543 779
2436 2222 2437
2435 260 25
399 2061 1557
1312 2205 1623
398 399 1855
398 1855 780
1971 1182 2438
2433 2434 1986
279 2440 2439
357 1110 356
279 2439 280
1312 1623 1685
1891 2441 744
1741 1220 1286
1891 744 2442
911 343 366
2443 660 2444
2445 2447 2446
2302 152 153
2302 153 2343
2448 1404 122
2449 407 975
2450 2451 321
2449 975 977
1280 1309 2452
2452 1309 1304
2453 1628 73
321 2451 320
2454 2456 2455
2457 2459 2458
2032 2030 2460
2454 2455 2461
2150 2463 2462
2464 2030 2203
2458 2459 2267
2465 380 2466
2465 2466 175
480 478 2467
2468 2470 2469
2469 2470 2471
1990 2472 1780
2261 269 270
2044 358 356
270 2262 2261
2473 1627 1619
2473 1619 1315
737 2474 2329
2329 2474 1304
2475 14 2476
2476 14 13
1433 557 2477
2477 557 555
555 557 559
1436 557 1433
1888 2478 35
2479 809 191
271 262 2480
2407 2482 2481
2483 582 2407
2479 191 1499
1142 2304 1356
2245 2317 2484
2245 2484 2485
1142 1356 2486
1990 1780 1781
888 1677 709
2487 908 1202
354 353 2488
2489 1553 787
1895 951 1160
149 204 2490
204 291 2490
106 291 204
368 369 1255
210 211 346
368 209 370
1363 2492 2491
1363 2491 2493
2489 787 2494
1546 1892 410
1892 1546 718
865 2496 2495
2497 2498 2368
1093 515 501
2497 2368 20
2009 2012 2325
435 1472 434
548 2428 692
2499 1789 877
1290 1319 634
634 1319 2500
674 1378 1241
391 1989 359
2501 2502 2360
2350 1246 2360
1517 2503 1516
1516 2503 2504
1935 479 2505
370 209 335
2506 1610 1611
1884 595 1305
1135 2507 1288
1884 1305 157
2508 1822 2509
2360 1246 2501
2095 754 755
1285 1283 1362
2184 417 2510
603 933 376
2511 2512 1915
2455 2023 2513
131 55 53
2514 295 40
2286 2516 2515
2286 2515 2517
190 2518 1660
2383 144 1657
2519 280 2439
1754 1771 2520
2383 1657 2521
426 2469 1814
1660 2518 2522
2523 1853 988
2524 2525 918
2514 40 39
278 347 277
988 1853 1806
2526 2527 1036
2528 2530 2529
2526 1036 1588
2531 1015 1389
1389 1015 1150
1669 1362 1283
2478 1050 34
1669 1283 1618
2150 1008 2463
1702 1127 2532
2463 1008 2533
2360 2502 1621
1141 1552 2534
2167 2535 1500
2360 1621 1390
443 2080 174
2536 2537 2196
2538 2540 2539
2538 2539 2541
7 373 2542
875 896 2420
2543 2431 1787
7 2542 6
2544 1670 1671
1849 355 2006
868 1273 1606
2545 301 172
2189 1585 2546
2536 2196 2547
2548 2512 321
1464 2016 1860
1779 815 624
625 624 815
2189 2546 469
1779 624 515
515 624 500
2548 321 318
2549 748 2550
2008 2551 2011
2550 748 2552
753 751 2553
2402 2398 990
1000 912 45
1542 1480 1976
99 309 98
2402 990 2554
131 53 4
2505 479 1170
1647 1606 1273
1787 2431 2555
2479 1498 151
1310 1309 2556
2358 2392 2557
54 1918 2558
1429 1427 2559
2560 2341 2339
687 675 734
2561 2562 2340
1069 2563 1071
1991 2266 1985
2561 2340 1443
2073 1112 2563
754 165 594
165 754 2473
2564 493 797
871 2565 870
2566 2565 2567
2565 2566 870
386 2156 613
2564 797 796
982 2563 1112
2558 1918 1345
1121 1122 2568
2479 151 182
1086 1453 1243
1121 2568 2195
465 2477 304
542 540 2569
542 2569 2279
304 2477 555
304 264 465
539 581 2570
539 2570 2571
282 1027 353
353 1027 1567
1586 2573 2572
2574 719 720
2575 1069 1125
2559 1427 1006
2575 1125 1885
2444 660 2576
1243 1453 1688
947 290 104
290 947 1261
2252 2578 2577
170 2579 2165
2580 2582 2581
967 489 2191
2565 871 2567
367 45 44
2583 2584 1444
2577 2578 922
2585 1484 553
2586 2587 2540
2586 2540 2538
2309 645 2308
553 1484 1486
187 188 2101
1918 2505 1345
2101 188 2102
1556 2589 2588
1069 2575 2563
1556 2588 393
2590 2591 529
2409 1984 483
529 2591 528
1267 899 1077
2566 194 275
2580 2581 757
1085 899 1267
2592 2594 2593
2575 2073 2563
1487 2595 2549
569 570 803
803 570 805
211 279 277
149 2490 7
949 1431 2596
2593 2594 1349
279 211 2440
949 1432 1431
1432 949 1634
2163 47 1859
183 2597 2268
1473 2599 2598
1980 2600 1996
2440 2601 2439
1915 2548 2602
2598 2599 225
1935 2505 1918
828 2448 978
1288 2603 422
1918 54 52
869 870 2604
2605 2606 477
2607 2609 2608
1881 2611 2610
2607 2608 1482
1996 2600 2612
422 2603 1953
2613 2610 2611
2614 2616 2615
2615 2616 1043
2489 2617 2534
246 614 2209
2396 1385 1625
1778 1092 1857
2618 2620 2619
2603 657 1953
845 245 846
245 246 2209
1915 2602 1410
1606 1549 2621
2615 1043 324
2622 2623 846
2352 2625 2624
2423 760 2424
322 323 422
587 71 69
2424 760 2403
2597 2626 2559
1966 646 2627
2628 1966 2627
1966 2628 622
2628 2629 622
2630 1958 2631
2352 2624 2155
114 362 113
740 2633 2632
423 1288 422
875 2400 2634
168 593 594
2618 2619 1448
664 988 666
846 2623 373
2370 2636 2635
507 357 358
1795 2434 449
2586 176 177
2635 2636 1720
2597 2559 1011
2466 2637 177
308 344 83
1977 2185 198
177 175 2466
214 215 2266
2638 2640 2639
1940 2283 2641
1909 2243 1776
223 224 2642
224 2643 2642
2159 123 121
2644 2509 2645
2508 2509 2644
1776 2243 1039
2614 2105 1415
2646 337 2504
336 337 2647
2614 1415 2616
1308 1539 680
1537 680 1539
2576 2390 2480
1667 475 476
1308 2648 1539
2480 2390 271
2468 2649 860
1584 908 1583
2080 173 174
173 2080 1817
2644 2645 142
1941 2651 2650
142 2103 2644
2649 2468 424
424 2468 426
2337 2652 1137
1162 2570 581
132 133 2185
1137 2652 435
1606 2621 868
1103 1712 2244
634 2500 1028
2469 426 2468
1634 949 950
211 277 346
1608 1607 2093
445 2180 41
212 478 2440
1700 253 254
211 212 2440
1655 2653 1507
1507 2653 961
2654 2655 2502
961 793 794
793 961 2653
2656 253 1700
2657 2397 2182
2657 2182 2658
214 2266 1991
763 1681 2054
2659 2157 2654
2660 146 2467
978 2662 2661
2663 1281 2664
2663 2664 1767
2579 2401 2665
2662 2153 2661
2288 1386 2666
2579 2665 2165
1320 2667 1322
2031 1322 2667
2519 616 2668
189 1421 1890
2655 2669 2502
1298 1326 2096
1737 2388 2670
1384 1453 1091
2670 2388 2671
2278 2281 644
644 2672 2627
2672 644 2281
2309 2278 644
1890 1421 1422
2673 2674 919
2458 730 1640
2674 571 919
2519 2668 2646
2675 2677 2676
564 2678 2642
2502 2669 1621
440 553 1486
2007 978 2661
2679 772 2680
2679 2680 2681
952 954 2682
2683 2684 2090
2474 2452 1304
2057 2684 2683
770 2680 772
319 317 2685
2411 475 2413
2411 2412 2605
475 2411 2605
1742 2686 729
1686 1677 1684
1867 344 286
2156 531 532
2561 1443 874
2687 348 346
2054 1681 1169
2561 874 1658
345 2687 346
2004 2689 2688
2057 2690 2684
2004 2688 2691
639 205 1094
2392 1328 1454
2692 2606 2605
540 2606 2692
241 242 1856
2692 2569 540
2666 1386 1384
1956 1954 2361
2693 705 1760
2694 2695 1522
2696 1459 1460
1459 2696 454
582 2483 572
2697 770 1825
2694 1522 2698
1157 2697 1825
1831 2699 1830
1831 1833 2485
2699 1831 2485
241 1856 2308
1406 1408 1684
1760 705 2700
1092 222 1857
222 1092 250
1065 2701 2544
2361 1954 2702
2695 1524 1522
2703 2704 2631
2705 958 2706
958 2705 1508
2707 154 2708
2544 2701 2709
2707 2708 2631
912 2579 170
2659 2710 962
935 2175 1794
163 2704 2711
412 2263 413
1603 1790 1151
1605 1151 2712
2713 2715 2714
603 376 377
1318 75 1564
1151 1605 1603
1151 1790 1152
2714 2715 1676
565 1875 564
2480 262 2716
2717 2718 585
2719 1926 953
585 2718 586
1122 1123 1769
1681 1769 1123
2606 1509 477
1117 736 2330
2720 2722 2721
818 817 1411
818 1411 1412
2719 2171 1926
2720 2721 826
951 2719 953
2171 2719 1896
2017 911 100
953 1926 1927
1159 2723 1097
703 2120 702
2724 2726 2725
2724 2725 30
424 1504 2649
2649 1504 2727
2728 2730 2729
2731 2492 378
679 790 1572
2729 2730 1551
1842 1841 2128
1842 2128 2122
1380 81 307
2732 2734 2733
153 2625 2344
1000 1013 2401
2490 8 7
2401 912 1000
2735 978 2448
2338 2737 2736
2625 153 151
759 1529 1578
2703 2702 1954
2738 1644 2739
2579 912 2401
773 980 2235
2189 467 664
1981 2000 2740
1981 2740 1869
2737 2305 2306
467 2189 469
1954 2704 2703
2741 990 991
804 2713 1137
924 361 1079
361 924 360
842 496 494
951 952 2723
38 2514 39
2723 1159 1160
2524 918 916
1406 508 509
1406 509 1405
2742 1180 2743
848 1515 628
629 628 1515
2743 1180 1179
629 1515 1177
848 1300 1515
1943 229 2744
2359 2745 2677
588 69 2746
2677 2745 2747
69 70 2746
1210 2732 2733
587 598 599
513 2744 229
2654 2502 2501
865 1866 179
1318 1564 1770
2748 2749 1936
2748 1936 1802
1688 2394 1248
445 41 40
1248 2394 1225
951 2723 1160
2349 2750 2186
1601 1598 1599
656 2751 1010
2557 2587 2358
1456 1641 1639
437 1432 436
437 439 1430
790 2752 1572
46 1000 45
824 1641 1456
824 1456 823
862 860 1728
1639 792 1456
2358 2587 2753
2754 2756 2755
9 1809 10
2631 1958 2707
2008 2758 2757
2757 2758 2271
1922 1916 700
2759 2535 2510
2689 2004 2002
2184 2510 2535
250 264 222
2229 2760 1800
557 1436 556
1800 2760 1797
544 2752 1398
2167 2184 2535
2002 2761 2517
2432 2037 1373
2762 1465 586
810 1617 576
2611 2516 2284
810 1843 1617
1617 1843 1264
578 576 1617
2350 1494 1387
700 1916 2700
2589 427 2303
1892 574 409
2303 427 428
2654 2501 2659
2149 1287 2148
1626 2634 1695
2763 2765 2764
1901 1083 1084
1246 2350 2766
2148 1287 1939
122 2735 2448
2735 122 123
1044 390 359
2157 125 879
879 125 878
1387 2766 2350
2710 2659 945
1138 2767 807
2768 273 243
124 125 2157
1337 2769 684
990 2741 2554
807 847 1138
621 1004 1130
2554 2741 2754
2770 2460 2771
717 715 410
2284 2516 2286
243 233 2768
1896 2173 2171
1501 1510 582
499 1501 582
2359 2358 2753
2524 1559 2772
519 592 590
2770 2771 1347
2372 2373 2773
2372 2773 2474
592 13 591
2599 1914 2774
2599 2774 225
225 2774 2033
1952 2774 1914
991 1717 2775
2764 991 2763
991 2764 1717
991 2775 2741
792 1639 2776
2032 2460 2770
792 2776 794
1261 947 2481
2777 2779 2778
215 148 155
2779 2530 2778
488 2117 662
2780 1827 522
2780 522 1749
2778 2574 2777
369 2781 1255
1694 119 2632
247 107 408
110 111 2782
168 594 165
107 88 408
2783 1812 2784
2783 2784 1710
1892 409 410
1313 1311 2280
2660 2467 478
2785 651 463
2280 1311 2310
2134 2135 2441
2134 2441 1891
2767 2518 807
2601 2440 478
2102 188 2421
215 155 1696
1696 258 215
989 1861 2024
996 999 2786
2614 2615 2787
910 911 2017
689 1301 606
1186 2650 1185
343 911 161
2005 689 606
2402 1041 2097
881 1188 1630
688 689 2005
195 209 368
243 2788 2471
1368 2100 1458
2100 1368 1369
1810 1809 289
1103 1102 1197
1103 1197 1207
1207 1712 1103
2180 2082 42
2082 2180 1466
2082 43 42
2789 166 2790
280 2519 278
2791 2793 2792
243 273 2788
2794 354 2488
2698 2795 931
2796 2685 2060
2790 2797 2789
2797 1540 2789
2679 542 2279
2798 2019 1213
1327 350 1739
2796 2060 827
1756 1930 1751
1756 1757 2395
2799 2800 2060
2799 2060 2685
1380 307 305
1561 1562 2801
838 2062 835
1910 1236 2802
2668 246 2647
1236 1910 1234
636 2803 635
636 2804 2803
1364 635 2803
2805 2807 2806
1250 1843 1824
1686 1419 1047
1686 1047 1049
1686 1049 1677
1258 1364 2803
558 2216 559
2216 558 1400
2659 1272 945
2157 2659 962
1667 1477 340
2806 2807 1571
900 898 2808
900 2808 1483
1001 1492 506
447 1329 956
1001 506 1013
459 2431 461
340 1477 342
978 2007 141
2668 614 246
534 2078 2249
759 757 2687
1742 86 87
1943 2744 1873
401 402 1851
345 759 2687
1492 1784 1821
2125 1504 2809
1424 2724 2810
2078 2079 2248
113 362 360
2423 695 760
2423 1673 695
464 2389 2811
2249 2078 2248
2810 2724 29
1052 929 930
2046 1425 2812
2642 2678 892
599 2813 587
894 892 925
892 2678 925
2235 980 981
2675 956 2677
504 2786 999
2712 1399 1605
1235 1399 1746
2698 931 929
504 999 2520
1395 403 401
2273 407 405
1359 929 1052
2045 1195 2044
196 1518 1516
430 81 429
2814 2677 956
559 554 555
2542 2313 6
2815 2783 1710
2106 431 429
956 1329 2814
2816 472 1796
1734 784 1965
1965 784 1344
1518 196 205
194 2566 922
517 518 1968
517 1968 1249
1253 1256 2129
873 1441 1444
583 2818 2817
583 2817 2717
873 1590 876
2591 2712 528
464 2811 463
2434 451 449
2605 477 475
1957 1958 2630
2034 2683 2743
2034 2743 2819
1590 873 1444
455 704 702
2820 1652 1129
288 390 287
2458 746 730
974 2821 976
2820 2323 1652
1652 2323 1635
712 713 2197
1874 520 521
144 142 1659
712 2197 2195
2822 339 2823
194 105 275
712 2195 2568
339 338 2824
2821 974 1200
1050 549 1051
1416 1530 2616
2266 257 2825
547 1051 549
379 2826 2731
2613 2611 2827
2826 379 2828
2500 2826 2828
2448 829 1404
1803 752 2829
829 159 1404
2829 752 916
2829 916 917
2829 1804 1803
2830 722 723
1429 1905 1426
1021 742 741
2825 257 491
1282 1277 1461
1096 852 850
2589 856 427
981 1565 1574
981 979 1565
652 2769 1476
2769 652 653
684 2769 653
2013 222 220
222 2013 1857
220 1813 2013
889 890 2831
889 2831 1781
656 979 655
1291 637 2493
2125 2809 776
274 2582 492
2582 274 348
2832 394 392
2833 1239 1240
1239 2833 607
2731 1319 1291
1659 142 2645
1935 1918 227
2834 2836 2835
2835 2836 1524
2238 941 2164
2095 2473 754
2473 2095 1651
584 554 583
1664 1707 1703
1355 1863 1354
1707 1664 1079
1354 1863 2837
571 2829 917
2832 140 2838
554 2818 583
1970 297 2839
1208 2840 1556
358 2166 2665
2840 1208 1209
1288 2507 2603
297 295 2839
2838 140 2006
2828 1574 1028
2828 1028 2500
364 2528 2529
1886 2841 1885
2839 295 2514
1021 741 993
770 2697 2680
2680 2697 2064
2841 2075 1885
2841 1886 2842
2832 2794 394
2842 201 2841
2037 2432 134
2843 2844 1744
2844 2802 1744
850 2194 2845
850 2845 1096
2378 2846 2403
2762 586 2718
2493 635 1363
2041 13 12
686 2035 685
2041 12 1811
1020 965 1022
2616 1530 1043
2493 637 635
2665 2166 2165
1638 1743 2847
649 2132 648
1043 1530 1045
1125 1070 647
1596 2848 1588
66 67 927
1095 1126 1350
2463 2533 2444
1498 2479 1499
890 313 2849
313 890 895
2463 2444 2716
452 2264 492
1096 2084 1126
170 171 43
171 42 43
1638 2847 1637
2513 789 397
789 2513 2850
2174 2852 2851
2851 2852 1598
2470 2468 861
674 1241 673
1568 1822 2508
2323 1668 1618
2323 1618 1635
738 736 1602
870 2566 275
1602 736 1117
1153 2853 2043
492 2582 2580
2418 1993 129
2782 111 1401
129 1993 1665
2470 861 1596
2240 1409 1395
2695 2694 2854
2298 1630 998
2855 1145 1502
1502 1145 2254
2819 2790 1314
1322 2671 1321
861 2468 860
996 2298 998
65 1726 2736
2306 65 2736
2856 711 2857
2737 2306 2736
1668 854 858
2858 2859 2447
1426 2051 2234
673 858 675
584 221 303
240 2557 2392
2078 534 2620
1383 240 2392
2860 2861 1240
112 2220 2317
1837 2220 112
2346 252 1382
2317 2247 112
286 139 1867
2348 252 2346
2854 1642 2695
2861 2860 1536
1536 2860 1535
665 666 421
2419 2862 1739
2410 2629 2412
1739 1740 2419
110 2782 1894
2490 289 2863
2864 1129 1130
2419 2420 2862
1118 1620 135
945 946 2710
1894 2782 2690
1559 2524 750
750 2524 916
1142 2486 1141
2282 771 1898
2863 289 1809
962 2710 964
771 2282 770
774 775 36
1298 1297 2865
1298 2865 2866
1297 2222 2865
2225 2850 2023
2865 2222 2436
1030 964 2710
955 670 2055
2710 946 1030
2055 670 1771
811 576 577
2370 2059 2636
2867 2868 1830
2868 2636 1830
1830 2636 2059
2869 1912 2292
1912 2802 2292
2802 1912 1910
2283 2292 2844
2844 2292 2802
1643 1168 1169
1514 1513 2870
2778 1962 2871
2872 184 185
246 244 2110
2872 185 824
409 574 2817
795 792 793
795 797 1455
2817 574 573
1784 1002 1786
246 2110 2647
747 2595 383
2549 2595 747
2208 203 2873
2860 2874 1535
2875 2877 2876
1125 1069 1070
2733 883 1131
2733 1131 1210
1064 1063 2878
2033 2774 1405
2878 1063 2371
748 2549 747
2774 1952 1405
2879 147 473
932 689 690
1943 231 229
1458 1457 1368
1368 1457 643
2880 1168 1643
643 1457 1578
1851 1759 401
1093 1092 1778
2313 2542 2623
787 2553 2881
2882 2277 2883
781 2883 2277
2883 781 1572
1796 1794 2816
1357 2884 1865
1778 515 1093
382 1380 305
2208 2873 2596
173 1815 2545
787 2881 1344
2885 1904 1346
1306 412 1305
1758 1759 1851
1307 1305 2886
1758 1851 1852
2885 1346 1358
1578 639 643
2521 876 1580
2521 1580 2384
472 2816 381
532 613 2156
1594 525 374
1815 173 1817
2887 2211 2888
2671 1322 2393
839 1129 1652
1322 2031 2393
2889 2854 2694
923 1129 839
1292 637 1291
1665 1333 129
1332 1333 1205
839 840 923
2887 2888 2890
1290 2445 1292
1615 2499 1741
2701 1066 2891
1997 813 814
146 2507 2467
114 115 1052
1917 52 55
289 2490 291
2147 1762 596
2822 1682 2202
2892 2697 1155
1155 2697 1157
2064 2697 2892
1766 1767 2893
2893 1767 2664
472 381 334
1541 1766 2893
503 2894 669
503 504 2894
2894 504 2520
670 669 2894
1541 2893 1537
298 299 2895
2895 299 685
352 342 1708
1741 2499 878
2324 2305 2379
1006 1427 2443
911 366 99
1454 1360 2896
1650 2896 1654
2379 2305 2737
147 2879 2897
901 645 646
2443 1427 2898
1702 2532 2231
2880 1643 2854
911 99 100
2532 2085 2231
1683 777 2296
1931 565 885
565 1931 1875
130 1917 55
645 2309 644
2899 2296 777
1941 2199 2200
1454 1328 1360
1917 130 226
87 2901 2900
45 367 2902
45 2902 1860
882 880 1607
1607 1629 2903
1527 1634 2738
2889 2880 2854
2880 2889 1540
300 91 172
1715 1178 2108
2862 2420 2864
1676 2904 1674
355 354 2838
1644 2738 950
950 2738 1634
1956 1116 1167
1410 497 482
1651 1652 1635
355 2838 2006
2529 2856 2857
2147 596 806
378 379 2731
2880 1540 2797
2856 2529 2779
857 2717 573
463 651 474
779 78 164
1820 1818 2758
1820 2758 2008
78 79 164
527 1015 529
2199 1941 2650
2223 554 559
554 2223 2818
1956 1167 2026
2216 2223 559
1674 2904 265
1316 2057 2034
563 619 620
2650 1186 2199
1742 87 2905
621 619 884
632 2907 2906
1428 2898 1427
2907 632 2908
1865 1355 1357
2909 2910 2621
1428 1426 2234
853 875 2634
2282 1825 770
2621 2910 867
2341 1442 1443
2911 2912 1081
2610 1645 2913
1992 1872 1871
2914 491 2264
2159 649 1070
90 248 1113
89 1113 2181
2378 2404 2915
185 183 2459
2905 87 2900
1584 665 1202
908 1584 1202
998 1223 997
972 602 533
2793 2197 713
652 1477 1666
652 1666 651
651 2785 653
2793 2916 2547
2681 2064 1161
2574 2778 2871
187 1421 189
300 172 301
948 1883 2913
2547 2197 2793
2917 2673 919
2159 1070 1081
1123 1121 2918
1624 1385 1386
1250 1824 1693
1693 1824 1820
318 319 2919
743 2920 745
1212 768 2762
2762 768 2921
2762 2921 1465
420 2506 1007
317 320 1973
2268 2597 1007
1311 2312 2310
2024 2906 2763
2268 1007 2506
1011 1007 2597
2731 2826 1319
855 2922 2099
1403 1401 2247
2826 2500 1319
1401 111 2247
2923 2187 1119
2187 2923 2924
2922 2821 2099
2925 959 794
329 1223 2045
2574 2871 719
959 2925 958
1630 2298 1629
959 961 794
2100 855 2099
470 251 249
1120 2285 2923
264 251 465
1178 2121 604
2924 1727 1343
2628 2412 2629
2412 2628 2672
2628 2627 2672
2698 1523 2795
1119 1120 2923
1277 1278 1461
1366 1765 1764
218 1520 217
1992 2861 1536
273 269 2788
1992 1536 1665
1993 1992 1665
2920 127 1727
1260 1793 1810
128 1343 1727
1320 2065 2667
2031 2667 2030
2067 2667 2065
1587 2608 2926
1220 126 1222
2714 1675 2425
1221 1222 2869
1833 2246 2485
2246 1833 2658
2849 2691 2688
2228 2573 2051
2714 2425 2927
158 601 1128
2556 1282 2928
1282 2053 2928
1310 314 1303
314 1310 2928
158 1128 256
1310 2556 2928
2482 2407 2255
2482 2255 1262
2234 2573 1586
2573 2234 2051
1017 2711 2704
164 162 779
2023 2850 2513
2876 2877 2807
2324 2385 2319
2551 2876 2807
1373 2037 287
2319 2385 1997
1348 2929 1347
1348 1350 1964
1997 2385 1994
2876 2551 2930
91 89 174
1840 541 457
2438 2186 2750
2438 1182 2186
1989 1829 1136
471 450 451
2588 2025 393
2334 2750 2931
2932 2356 2357
1182 1183 2186
2334 2931 2933
2934 1014 1478
2934 1478 2935
692 2428 1697
588 2746 2012
2012 2746 2326
2428 1050 2936
1315 167 165
131 5 2313
1559 1554 2486
130 2622 226
1792 1793 1262
2025 116 392
1262 1793 1260
2025 392 393
1811 11 10
5 131 4
2013 1813 2937
1465 220 221
2623 2622 130
213 1516 2504
123 2159 1081
1320 1326 2866
1819 2938 1818
2937 1813 2783
1825 915 1157
1547 2348 915
1610 86 1612
2897 2879 641
641 2879 306
1686 1418 1419
1686 1687 1418
1765 1366 597
76 2939 1564
2896 1382 1454
2938 1836 1175
2483 2407 2251
810 811 1819
2251 2407 2481
1819 811 2938
2940 2941 1449
1224 2273 1854
1854 2273 1806
571 2674 570
2674 2715 570
2942 2940 1449
2943 2146 2944
2944 2146 1203
2899 2945 2296
1361 1362 2188
2946 486 484
2946 484 2145
1418 1687 2018
455 702 2143
2296 2945 21
2940 2947 2709
2488 353 1009
2654 879 2655
879 2654 2157
353 1567 1009
1836 577 627
1836 627 629
2948 195 368
597 1366 806
651 1666 474
1836 811 577
811 1836 2938
1378 2364 2949
2949 2364 2436
2015 2021 910
972 1334 971
910 2021 160
1797 745 1799
938 971 1334
2705 2706 2950
1799 745 2920
2772 1559 2951
1846 1844 2331
2768 1845 1846
2681 1162 581
831 505 830
1162 2681 1161
1791 1153 2043
2951 1559 2486
1963 208 2123
2069 2495 2449
313 311 2849
2952 2530 2528
2941 2940 2701
2945 22 21
72 1628 1483
2501 1246 1272
102 288 101
930 2953 1706
1871 1869 2740
2701 2940 2709
514 520 511
511 1873 2744
2501 1272 2659
2410 502 2954
244 245 845
2410 2954 2629
2785 2811 2406
2955 957 2956
2761 1800 2291
273 2768 268
2583 2907 2908
497 2919 2957
481 497 2957
1877 1875 1931
2232 1876 1877
440 1486 436
2796 481 2957
401 1759 2240
2517 2761 2291
1800 1798 2291
1172 2347 2958
1172 2958 1271
607 608 1239
699 1685 1623
1088 1089 2523
325 574 327
1258 2803 599
2523 467 468
2625 151 2624
2842 891 201
891 2842 895
2542 373 2623
1 1786 47
546 943 1251
1454 1383 2392
1912 2959 1911
908 906 1583
2959 1912 2869
195 2948 197
2856 2961 2960
2790 1445 2797
2136 1730 2115
1730 2136 1729
987 983 2859
2443 2444 2533
254 1127 1700
2921 769 1812
2716 2444 2576
2909 1549 363
1755 2055 1771
1418 1158 1417
88 91 300
374 525 526
223 892 893
374 526 845
1798 2285 2291
2615 322 2787
2624 151 2962
1749 580 819
450 2275 894
450 894 466
1459 454 767
1287 1614 1286
1459 1457 1458
201 2963 203
1017 1018 2711
2711 1018 2964
2711 2964 162
1940 2641 2651
1941 1940 2651
2641 2843 2651
444 443 2181
2843 2213 2651
63 1694 62
1939 1941 2200
1942 2781 369
909 1187 681
544 1398 543
909 681 739
1343 2187 2924
2187 1343 1332
2612 1969 1996
1451 1452 1936
2627 646 644
329 356 2046
2263 433 413
414 2225 416
2225 414 2850
1376 2538 2541
326 327 719
2538 1376 2965
1376 818 2965
2966 601 487
2045 356 329
322 422 1953
327 718 719
1375 921 902
2001 1715 1724
1711 2142 934
1852 1747 2967
1965 1452 1450
1716 1528 1724
81 430 307
331 332 465
2601 1934 615
615 1934 617
218 2795 1521
68 2968 97
2969 179 180
121 122 2035
1780 2963 889
985 2153 987
1122 2328 2568
1122 1769 2328
1729 862 1728
1600 1598 2852
1532 2970 1337
859 862 1891
1852 2967 1758
1600 2852 1949
1726 68 97
2971 2188 2972
1562 2259 2801
1884 2259 597
855 1369 850
126 1220 1741
2100 1369 855
1524 2836 1560
2821 1200 1460
598 1865 2884
1002 1000 46
47 1002 46
2972 2188 1238
589 1864 1865
1865 598 589
2841 2124 2075
2022 272 40
2583 2947 2584
41 2022 40
2963 1780 203
857 856 2973
2191 1519 2042
2540 2587 2557
1630 880 881
2965 1412 186
593 2789 1540
1806 2273 405
2347 1172 914
914 1172 920
1601 2975 2974
1601 59 2975
1923 2974 2975
532 608 613
2804 636 1268
636 642 1268
1545 715 2211
906 907 1084
1587 906 1082
1505 424 425
2556 1309 1280
2976 1371 2977
1988 2877 1987
1987 2877 2357
1371 1372 2977
1084 1082 906
2094 2978 2528
608 532 1239
2529 2530 2779
322 1953 2787
2754 2741 2867
1140 2301 2977
2185 200 198
2979 812 2633
2952 2528 2978
271 2356 261
1155 1933 2892
2633 2430 2979
1933 1155 1156
2430 2633 740
2963 201 889
2973 856 1211
396 726 940
1977 198 1976
2854 1643 1642
1709 2236 1413
233 1589 1076
1088 2523 2980
2980 2523 468
1230 1872 1229
312 233 1076
831 504 505
1372 1140 2977
504 831 2786
831 833 2786
2981 1656 1704
2981 1704 2953
1068 390 1044
2159 121 2036
1230 1232 1870
275 2604 870
1872 1230 1870
1814 1970 425
1970 1814 1817
2027 2604 1470
446 957 2955
2568 2328 2910
459 460 154
527 528 1150
1015 527 1150
446 2955 2304
2604 275 1470
712 2568 2910
1357 2304 2955
2869 963 2959
2811 2389 2406
448 1360 1329
1009 1566 656
447 448 1329
2328 867 2910
1244 1242 2487
17 339 2202
339 17 16
1240 2740 2833
2008 1693 1820
516 517 1693
234 1589 233
2689 2002 2515
1044 324 1043
631 2906 2024
173 2545 172
2515 2002 2517
1566 979 656
1566 1009 1567
2898 660 2443
1592 1351 1937
1699 2982 1698
1557 2800 1544
1989 423 323
1544 2800 2567
2239 1697 1698
154 2707 133
2770 2387 2032
2691 311 1035
2975 2722 1923
1923 2722 2900
1033 2691 1035
1667 2413 475
2901 1923 2900
1331 592 519
805 570 2715
311 2691 2849
592 1331 12
2950 2019 2705
2291 2286 2517
2906 631 632
1893 1894 2690
1649 2534 1648
322 2615 324
1648 2534 2617
1441 873 874
1659 1657 144
2567 871 1544
716 2943 2890
2127 2727 2125
2933 1198 2334
2481 2482 1261
1728 860 2727
2662 2911 992
2912 2662 2735
1353 800 2983
328 2812 1755
2482 1262 1261
1296 1298 2096
524 2976 530
224 2033 1558
721 724 2052
1353 2983 2464
2052 724 400
2643 224 1558
1439 439 1485
70 1485 2746
2976 524 2371
843 2511 2204
2287 1631 1899
1893 1285 1361
22 1822 1568
2956 957 2063
1196 732 733
740 732 2430
2340 2562 1138
729 2686 728
2767 2562 2561
1144 448 446
1225 2394 1757
2562 2767 1138
2686 2706 728
1902 1903 1783
1754 330 328
1588 1036 1589
2984 2824 338
1903 838 1783
2755 2554 2754
2822 2202 339
1320 2985 2065
2985 1320 2866
1072 2065 2985
1075 2066 1072
1041 2554 2755
2915 2404 2986
2987 1994 2915
2385 2915 1994
2717 2817 573
409 2817 2818
112 110 1837
2915 2986 2988
2987 2915 2988
2680 2064 2681
423 1989 1136
2309 1898 771
2278 2309 771
1041 2755 1040
1463 367 1466
1065 2544 1671
2915 2385 2378
843 2204 2989
2990 1925 2395
2962 25 26
2991 2804 1268
2992 2991 1268
2991 2992 2414
1922 2204 2511
2643 566 564
1715 2121 1178
23 2993 24
2464 2460 2030
566 2643 1558
2813 2803 2804
2803 2813 599
2395 1925 1756
2994 2995 352
1939 1287 1938
2283 1940 1938
1324 751 752
535 536 1946
2996 2997 2686
1661 1508 2998
2662 2912 2911
2997 2706 2686
2998 1508 2705
2706 2997 2950
1811 12 11
1595 1331 512
1595 512 1593
1595 11 1331
11 1595 10
1005 1327 1004
2999 3000 2454
2995 341 352
3000 37 38
96 97 1850
440 552 553
655 773 654
2811 2785 463
552 440 778
1038 2229 1034
1986 1795 1796
2819 1179 3001
249 2994 470
2709 2908 1670
2646 2668 2647
2646 2647 337
2675 2063 956
1245 1246 2766
956 2063 957
2434 1795 1986
2633 812 813
813 1995 2632
2633 813 2632
2265 2022 41
196 1516 213
2819 3001 2790
1342 638 1341
2752 1265 1572
177 2753 2586
1671 1672 2670
1341 638 1094
2119 2120 2822
519 514 1331
2823 2119 2822
2753 177 2745
2758 2272 2271
2272 2758 1818
1672 1737 2670
1647 1548 1606
2952 1963 1962
63 108 120
83 344 1867
2999 2982 1889
213 335 209
186 176 2965
2965 176 2538
176 2586 2538
2990 2396 1625
3002 2487 3003
2662 992 2153
3002 3003 180
1811 2040 2041
1791 2040 1793
1040 2755 3004
1017 2026 1016
2755 2699 3004
338 16 15
954 953 1927
2626 183 184
184 1905 2626
352 1708 470
2597 183 2626
453 2696 1224
1534 1535 1712
1712 1535 2244
1012 293 2353
1903 1163 1161
838 1903 2062
1243 1688 1248
1750 789 2850
2990 1625 2399
1330 2814 1329
789 1750 788
345 347 1517
2330 1167 1117
642 1909 1269
2924 1799 1727
1799 2924 1798
2175 2816 1794
2789 593 168
1950 1896 1897
2742 2683 2090
2648 1479 1133
1352 1937 1351
2295 1879 2146
1479 2648 1481
633 631 2024
454 2696 453
2814 1330 2359
1326 1298 2866
2049 2214 1971
1089 1090 1853
2214 1182 1971
3005 2127 2126
2486 1554 1141
2162 2742 2090
2351 812 2979
1554 1552 1141
1960 2307 1961
812 2351 814
1695 2399 1625
2279 772 2679
777 1683 703
703 1683 1682
2446 1909 1292
2446 1292 2445
2684 2690 2782
1429 2626 1905
642 1292 1909
2978 2094 2092
3006 2238 1698
2218 1808 3007
1200 1224 2696
1864 2009 1863
1231 2218 3007
1212 2718 1211
293 1012 383
1733 1731 3008
2718 1212 2762
524 2878 2371
1569 2684 2782
359 324 1044
1573 496 2989
496 842 2989
2152 2103 143
967 1031 489
1815 1816 2788
2033 509 1558
509 2033 1405
704 385 2068
637 1292 642
1128 601 1199
2969 406 179
406 2496 179
865 179 2496
1133 1012 2353
2471 2788 1816
2745 2359 2753
609 386 613
769 2921 768
2960 2961 2792
713 2960 2792
1128 254 256
2511 1915 1922
596 2886 595
2794 2488 1555
2556 1280 1282
2792 2793 713
1696 155 2660
2886 596 1762
2226 2839 2514
1920 2327 2219
2794 1555 394
1920 1921 2327
1737 633 1862
2901 87 85
1921 2367 2327
193 2321 1497
1490 2901 85
2061 400 827
806 294 2147
400 2061 399
2020 2019 2314
2314 2019 2950
604 2121 603
1674 266 1673
155 146 2660
2227 2839 2226
2319 1997 2307
1557 2060 2800
1497 1499 193
266 1674 265
1497 2321 24
839 1651 2095
2677 2747 2676
415 416 169
42 2265 41
1738 1925 1740
671 2154 672
1628 72 73
2901 1490 1488
1925 2990 1740
2101 1870 1232
1870 2101 1869
1194 2107 2108
1194 2108 1178
2416 1980 2421
2519 2646 278
278 2646 2504
2421 1980 1981
1284 1285 1893
1727 1799 2920
1880 1215 2946
1062 2058 1061
1215 1880 1214
1215 823 2946
545 3009 942
2564 217 3010
1773 1774 2093
2852 2174 2173
3009 545 543
1657 872 2521
212 1696 2660
2240 2700 1916
2784 769 773
769 2784 1812
1710 2784 773
1377 1073 1074
395 3006 2999
1075 1073 1713
3006 2982 2999
1062 766 2058
1179 1056 667
1759 2700 2240
1061 2058 2059
1371 2976 1381
38 2226 2514
357 506 1111
2700 1759 1760
2834 2198 2836
2836 2198 3011
2884 600 598
2956 600 2884
387 462 1496
1750 414 1189
126 124 963
2186 1183 926
414 1750 2850
341 2995 502
1412 1413 186
3006 1698 2982
2464 2203 1353
701 2204 1922
157 178 1884
1523 1521 2795
1274 1111 1492
313 895 650
1124 650 895
1124 895 2842
2169 714 717
2169 717 1400
1504 2125 2727
2144 1366 1764
1708 1476 2970
2252 2577 1974
1902 3012 791
1476 2769 2970
3012 1902 1783
1550 1868 672
65 2306 67
2248 2079 1340
1885 2075 2575
1337 2970 2769
2725 2726 3013
623 1966 622
2995 2994 501
623 625 1374
1609 830 2090
2995 501 502
3014 3013 2114
940 2161 1690
2164 1690 1692
2222 1297 1294
333 1708 2970
1906 1067 1065
2943 2295 2146
502 2410 2413
2656 1278 253
2929 1067 1906
2929 1906 2387
2929 2770 1347
2413 341 502
721 2053 723
2356 2932 261
2656 1471 1278
1742 2905 2686
261 2932 2014
2770 2929 2387
253 1278 1279
1492 1821 1647
319 2957 2919
2957 319 2685
546 1265 544
544 1265 2752
1587 3015 2608
2207 202 203
3016 1900 1752
1847 1721 2123
481 1114 722
2796 1114 481
2214 1679 1181
722 2830 481
1154 561 562
3017 1974 2577
2214 1181 1182
2057 1893 2690
989 2763 991
2354 541 1840
2446 2447 2243
2284 2827 2611
2447 2859 2243
2859 984 2243
2567 3017 2577
2366 127 2920
2679 2681 581
743 2366 2920
1584 1585 2189
451 468 471
2679 581 542
2944 2536 3018
226 2622 2209
2357 3019 2932
1948 1408 1947
1948 1950 2018
2314 2950 2316
178 2801 2259
2329 736 737
178 2259 1884
178 256 2801
1366 2144 294
3018 2536 2916
1203 2536 2944
3017 2567 2800
614 228 2209
3020 2190 1573
3020 1573 2989
727 3021 1840
2351 2931 2750
2933 2931 2979
3022 1656 1655
1381 2635 1718
2931 2351 2979
443 89 2181
1198 1104 2334
1862 2388 1737
3022 1507 1705
84 82 207
4 53 3
162 163 2711
364 2094 2528
1988 389 3021
1507 3022 1655
2812 328 2046
1104 1198 1100
2793 2887 2916
2887 2793 2791
2622 245 2209
1973 2451 1975
89 443 174
2215 2465 175
1808 2218 2116
1432 441 436
2219 2218 1231
223 2642 892
3021 727 1571
1988 3021 1571
1486 438 436
725 1768 2088
439 438 1485
1520 3010 217
2887 2210 2211
2210 2887 2791
2955 2884 1357
2884 2955 2956
2131 93 94
2088 832 725
1995 1694 2632
1694 1995 62
2702 2131 3023
3010 1520 2087
1255 2948 368
832 1609 725
103 2 3
2824 2823 339
2506 420 419
775 2226 37
2823 2824 821
1656 3022 1705
1177 1515 1512
3016 3024 538
2759 2510 3025
1018 314 2964
314 1018 1303
2823 821 825
347 2503 1517
738 1184 909
2504 2503 278
2759 3025 3026
1314 166 167
2503 347 278
2239 1692 2363
1675 2714 1676
263 2014 1551
2730 263 1551
2014 263 261
2730 262 263
2683 2034 2057
262 2730 2462
1027 1565 1567
3023 2131 94
2249 2640 534
534 2640 536
2638 536 2640
2640 2249 2129
2661 985 2007
3024 3016 1752
1752 1753 3024
2805 2551 2807
2551 2805 2011
212 2660 478
2255 1510 2254
1510 2255 2407
2996 2686 2905
861 2848 1596
2605 3027 2692
802 1591 864
800 1351 802
147 3028 146
1591 1866 864
3028 147 2897
1087 1866 1091
2091 1785 1633
677 783 676
403 482 483
677 679 781
1508 960 958
2603 3028 2897
961 960 1507
1633 1785 1786
829 285 159
2448 828 829
1531 1416 1414
2756 2867 1830
2672 3027 2412
1120 2284 2285
2699 2756 1830
2284 1120 2827
1067 1964 1066
2882 518 516
2883 518 2882
516 2011 2882
627 970 626
970 627 577
2882 2011 2805
1471 2656 1983
2272 1176 2270
1176 1514 2270
1964 1067 1348
2656 1701 1983
1067 2929 1348
2848 861 859
2647 2111 336
711 2909 2857
361 1707 1079
1706 1707 361
2737 2338 2336
758 1578 1457
2948 1255 2253
1732 1999 3019
1253 2253 1255
363 364 2857
1701 2656 1700
332 2477 465
825 2119 2823
2477 332 1433
2921 1812 1465
1813 1812 2783
2692 2281 2569
1314 2034 2819
2569 2281 2279
2052 400 398
3027 2672 2692
2290 1254 2781
661 2118 2119
647 650 1124
761 762 1275
762 1755 2812
723 2409 2830
2327 2135 2133
2219 2133 2113
1678 888 887
3029 877 1414
1165 2256 1826
1165 1826 1164
2610 108 1645
3030 1859 1860
2610 2613 108
108 2613 120
1284 1315 1619
135 2827 1118
2827 120 2613
120 2827 135
1118 2827 1120
1315 1284 1316
470 2994 352
2050 2380 2408
999 1754 2520
592 12 13
2262 686 299
686 2262 2038
42 171 2265
720 1546 1545
718 1546 720
1545 2212 720
3027 2605 2412
1531 1787 2555
2447 612 2858
3031 1045 2555
1531 2555 1045
1026 742 1021
1335 742 1026
710 1191 1192
1193 1191 1367
1335 1026 2382
1449 1945 2942
168 166 2789
3000 2456 2454
166 1314 2790
127 2366 1921
1359 2889 2694
1839 2188 2971
2367 2366 743
1359 1540 2889
193 192 1823
1755 762 2055
2426 2427 3032
1837 1839 2971
2014 1999 1998
3019 1999 2932
1999 2014 2932
2897 657 2603
3033 3034 1579
412 1306 2376
3034 3033 2257
3034 1580 1579
928 2953 930
3007 1232 1231
734 853 2634
2376 569 803
2957 2685 2796
2427 2734 3032
2250 2481 947
2868 1720 2636
1720 2868 2775
2868 2867 2775
853 734 675
3030 1860 2016
3000 1887 37
1886 1124 2842
2812 1275 762
2707 1958 133
3032 2734 3035
1887 3000 2999
1889 1887 2999
2480 2716 2576
2145 1880 2946
1334 1335 2382
3036 2097 1041
977 976 2071
2539 2193 921
1636 1097 2723
2541 2539 921
2936 1050 2478
363 1549 365
1713 2233 2288
3024 2426 3032
886 888 707
842 843 2989
886 1929 885
1929 886 707
2130 3005 2126
2275 2276 3037
2275 3037 893
315 2964 314
2964 315 780
977 2071 2069
23 2321 1823
537 3032 3035
2938 1175 1818
498 485 1204
1204 485 2086
2233 1713 735
872 876 2521
783 782 456
360 924 834
783 456 2571
164 79 1957
2570 783 2571
783 2570 676
2570 1162 676
2652 2337 2338
374 372 1594
404 1702 2231
2473 1315 165
2396 2990 2395
1062 1064 1826
2055 2054 955
766 1062 1826
1701 1702 404
1701 404 1984
1928 1550 31
2400 1695 2634
2824 2984 3038
2984 2853 3038
2208 2596 1431
2405 2739 2404
2674 2673 2904
3039 2101 1232
3039 1232 3007
2097 3036 1296
1049 708 709
708 1049 798
1527 2738 2739
2344 2343 153
780 162 2964
671 236 2344
2953 928 2981
928 2795 2981
2795 928 931
472 1991 1796
2369 2635 1381
309 84 207
780 1855 779
1042 3036 1041
2278 771 772
315 398 780
1561 255 1279
1969 2899 2068
255 1561 2801
479 1934 2601
2635 2369 2370
2899 1969 2612
78 779 1543
456 539 2571
2545 2261 301
857 2973 2717
208 2952 2287
2952 208 1963
1563 3040 1767
2718 2973 1211
3040 2663 1767
1526 2836 3011
281 986 610
560 1664 562
1664 560 1079
1085 898 899
898 1085 1900
1680 2049 2047
1550 1928 1868
2109 1256 1978
281 610 283
2171 2172 1926
918 2917 919
2917 918 2525
986 2858 610
985 2661 2153
2945 2612 2993
185 1641 824
2945 2993 23
2355 2389 464
2548 318 2919
2846 2379 2336
2409 481 2830
2276 2926 3037
2379 2846 2378
1945 1946 3033
1172 1271 1171
1945 3033 1579
2386 2130 33
2130 2386 3005
3035 2734 2732
240 2540 2557
625 816 1374
1284 1619 1283
816 625 815
1256 1254 1978
1580 3034 2384
2289 3034 2258
3034 2289 2384
2205 1312 3020
893 894 2275
22 2945 23
2595 2749 383
2540 240 2193
521 590 1528
2422 521 1528
521 2422 1874
2193 240 241
2781 1942 2290
2996 2318 2316
2318 2996 2720
1134 2864 1130
163 164 1957
2973 2718 2717
2996 2905 2720
2662 978 2735
387 2355 464
2087 1520 1526
2441 743 744
392 1003 2832
2355 387 388
2984 338 2475
2475 338 15
743 2441 2367
612 2447 2445
612 2445 1290
739 681 682
1593 512 513
514 512 1331
1609 832 830
2391 2355 2356
1867 140 1003
2109 2107 2639
1950 1897 2018
1428 659 2898
2107 1194 2639
659 1428 1336
1003 140 2832
551 695 1673
551 266 844
2346 1650 2345
14 2475 15
1628 2453 1107
73 60 2453
2461 397 395
2454 2461 395
266 551 1673
558 2169 1400
380 378 2466
2453 60 61
2535 1927 1500
3041 2453 61
2843 1745 2213
2453 3041 1107
2355 2391 2389
137 3042 74
3042 137 3043
137 537 3043
1174 1514 1176
1174 1177 1512
2169 558 556
2315 2318 117
74 2315 117
2315 74 3042
2016 2017 3030
3043 2020 3042
2315 3042 2314
2992 1841 2414
2201 2362 2168
2314 3042 2020
311 312 1035
556 1447 2169
2971 3044 2221
2458 2267 746
2362 3023 2168
1895 1158 1897
3008 2930 2269
2269 2930 2271
2467 1135 480
2471 2470 232
3030 2017 100
2168 3023 94
700 701 1922
2674 2904 2715
2509 192 190
1090 2433 2264
1627 2473 1651
2433 1090 1088
2645 2509 190
2806 2882 2805
2257 3033 2638
2595 1451 2749
2891 2941 2701
2433 2914 2264
2639 1194 2257
2342 2424 2846
841 2450 321
700 2700 705
1972 2048 1971
2048 2049 1971
2048 1972 2050
3045 995 2143
1723 1721 428
2331 270 1846
270 268 1846
2813 2991 71
2804 2991 2813
71 2991 2056
2056 2991 2414
395 396 941
2335 449 466
842 494 841
2450 841 494
96 3046 2085
611 283 610
503 1056 1180
611 634 1028
1180 505 503
505 1180 2162
283 611 1028
2820 1129 2864
2323 2820 896
2600 2416 2435
2993 2435 24
2435 2993 2600
2416 2417 2435
479 2601 478
1827 2878 524
227 617 1935
2878 1827 1826
1064 2878 1826
1425 1110 1274
995 3045 994
2329 1304 1302
2281 2692 2672
1936 1339 1802
1851 3046 1850
2518 809 807
231 1943 371
2331 2036 2038
2808 1900 3016
1644 1645 64
64 1645 108
2330 1302 1016
1302 1303 1016
1625 1385 1624
2207 1834 1842
2988 1644 64
2304 1357 1356
1571 2807 1988
519 590 521
2807 2877 1988
1483 2808 3016
1190 2939 1109
1133 2353 2648
948 949 2472
1564 2939 1770
949 2596 2472
948 2472 1990
1105 1972 1106
2409 1983 1984
2914 2433 1986
984 2859 983
2939 1190 1770
152 2302 969
2025 2588 2303
1900 2808 898
433 2263 804
1852 1850 2968
1622 2112 2106
1184 1187 909
51 1187 1185
935 1794 2335
2175 935 1876
2232 2175 1876
2015 910 2017
335 2111 370
2111 335 336
866 761 3047
1105 3048 1972
1372 1577 1139
1139 1140 1372
1370 1577 1372
2112 1622 1621
530 2977 2301
2380 3048 939
507 2665 2401
1381 1718 1370
2990 2399 1740
2978 2287 2952
866 3047 868
2977 530 2976
1305 595 2886
2151 2510 417
1958 200 133
1276 1724 1301
417 2184 419
50 2934 2935
1944 1481 1308
1944 1308 683
1944 2935 1481
2935 1944 50
1944 1187 51
1944 51 50
2457 1640 1641
2848 2526 1588
2526 2848 2442
2848 859 2442
2688 890 2849
890 2688 2831
402 2085 1851
2239 2363 1166
2451 2483 1975
1166 2363 1165
2257 2638 2639
1640 2457 2458
93 1788 1613
285 286 343
2363 2256 1165
1691 765 2256
1056 669 667
2665 507 358
1660 2522 1658
1935 617 1934
2766 1387 1388
1233 3009 1397
3009 1233 1234
2522 2561 1658
1364 1258 1259
2561 2522 2767
1917 226 227
790 1604 1398
2099 2821 1460
3046 1851 2085
1965 1450 1734
3046 96 1850
1743 1394 1392
2092 1631 2978
192 2509 1822
1327 2862 1134
2862 1327 1739
1231 1920 2219
745 1797 2760
2277 782 781
2149 1614 1287
1631 2287 2978
3047 1273 868
200 2185 133
1920 1231 1229
2261 2545 269
270 2331 2262
2038 2262 2331
192 1822 1823
3049 2237 2235
2333 3013 3014
3050 1058 1059
1058 3050 1932
1143 1654 448
1143 448 1144
473 334 2879
334 306 2879
2247 111 112
2354 2606 540
2606 2354 1509
2534 1552 2489
541 2354 540
3049 981 1575
981 3049 2235
1149 1024 1025
3013 2333 2725
2332 2333 3014
1029 1024 1219
525 1593 513
2853 2475 2043
1204 2537 2536
467 2523 988
2086 2537 1204
1853 2523 1089
3051 2765 2560
3051 2339 2192
2537 2086 3011
469 2276 471
1766 1541 1764
2339 3051 2560
445 295 296
2634 1626 734
2476 2043 2475
2903 2088 2089
3047 761 1275
2056 1438 1439
1438 2056 2414
1604 790 791
2475 2853 2984
1038 2527 2760
2527 1038 1036
295 445 40
461 2131 460
2752 790 1398
1336 1428 2234
3052 794 2776
2302 1140 969
2993 2612 2600
2131 2702 460
923 621 1130
2533 1008 1006
2237 3049 1575
1149 1419 1417
734 2233 735
2614 2104 2105
2106 2104 431
1899 207 2287
1859 3030 2163
428 1721 2303
1847 2123 206
1888 35 36
942 3009 1234
3044 2437 2221
2437 2222 2221
1295 1042 1040
2534 1143 1141
2846 2336 2342
944 1247 968
2903 2093 1607
2093 2903 2089
411 2216 1400
2959 964 1080
1605 1399 1397
1491 1736 1493
2233 734 1626
1060 1736 2552
330 1754 997
849 968 1581
2874 971 2242
1136 1829 1345
1345 2505 1170
1433 332 1435
884 2733 1005
3053 3040 1279
2193 2539 2540
2244 2874 2242
1653 1307 2886
585 583 2717
2663 3040 3053
1279 3040 1561
316 2928 2053
48 2213 1745
1005 2733 2734
2928 316 314
2336 2379 2737
48 1748 2934
2941 2891 1448
2874 973 971
1561 3040 1563
1748 48 1745
1553 2489 1552
1802 1339 1338
1139 1576 1138
2741 2775 2867
1720 2775 1717
2926 1585 1583
2781 1254 1255
1025 1300 1148
381 2816 2175
1190 1109 1192
1190 1193 1770
3054 1349 1347
1107 3041 1108
2806 1571 458
1030 578 1080
2806 2277 2882
2277 2806 458
2304 1142 1144
2772 1354 2837
849 628 626
2208 1431 1430
2837 2525 2772
913 920 1156
913 1157 915
1582 1046 1148
1553 2553 787
2751 1212 1209
2524 2772 2525
1363 2676 2492
92 2149 94
1531 1789 1787
3050 1059 1782
997 1754 999
2442 744 2526
670 2894 1771
1646 1804 1325
1646 1653 1801
2894 2520 1771
2442 859 1891
1762 1653 2886
131 2313 130
1225 1757 1227
2985 2866 2365
1655 217 2564
2653 1655 2564
198 1542 1976
1140 847 969
2543 1788 93
1699 2478 1888
2237 1575 380
2149 92 1614
1074 2985 2365
1489 1500 1927
380 2828 379
2828 380 1575
2237 380 2465
116 1848 82
3050 837 1932
764 2058 766
834 924 840
2058 764 2397
1010 2751 1209
1211 2840 1209
1788 2543 1787
2029 3043 2732
3043 2029 2020
1535 2874 2244
2959 1080 1911
1789 2499 1805
1587 2926 1583
1078 897 1108
897 1078 899
1663 1664 1703
500 624 622
1663 1705 1662
1210 2029 2732
2375 1173 1171
1173 2375 1289
914 2348 2347
2348 914 915
878 2499 877
3052 730 2925
317 2799 2685
1498 2962 151
2831 2300 1781
2300 2831 2688
1243 1244 1086
3041 61 1599
1108 3041 1913
2227 1505 425
1198 1102 1100
1086 1244 181
1600 1951 1913
2799 317 1973
1951 1600 1947
2206 1474 1475
140 1867 139
1951 1952 1913
1358 1474 2228
1888 1889 1699
412 2376 2263
2512 2548 1915
883 2733 884
2512 2511 843
938 936 2242
234 232 1596
1882 2515 2516
2617 2958 2345
1449 2941 1448
2958 2617 785
1057 1060 1389
1057 1152 1059
2376 803 2263
1412 2965 818
1882 2516 1881
1997 814 2307
1608 2161 940
1989 323 359
1271 2958 785
1098 1159 1097
1706 2953 1703
3055 2406 3056
2891 2618 1448
459 134 2432
2552 2531 1389
1138 1576 2340
2406 3055 2785
1015 2531 756
2891 1964 2618
970 946 944
2618 1964 1126
3005 3014 2115
134 459 154
1719 2764 2192
114 2294 362
1706 2294 930
2206 1447 1446
1582 798 1046
1731 1732 2875
1582 1148 1299
799 1582 1367
1582 799 798
2294 114 930
2871 1723 719
1717 2764 1719
1434 2572 1772
1933 1156 1289
2572 1434 1435
2039 2455 2456
786 1734 1270
39 2039 2456
1293 1295 2220
2039 39 272
1555 2488 1009
1293 2222 1294
252 57 1382
784 787 1344
784 1734 786
2250 2578 2252
553 844 2585
992 2911 1071
1409 2240 1916
2375 1171 1270
2541 921 1375
844 2326 2585
1777 817 815
2768 1846 268
2751 768 1212
2751 656 654
730 3052 2776
2198 2196 2537
2292 1221 2869
3012 1790 1603
1790 3012 1782
3012 1603 1604
2598 2607 1473
996 2786 833
826 117 2318
1192 1109 1929
3008 1731 2875
2341 1443 2340
618 924 620
618 621 923
2362 2361 3023
794 3052 2925
3014 2114 2115
2599 1473 1077
841 2512 843
2640 2109 2639
2841 202 2124
202 2841 201
1690 2161 1689
835 1933 837
2512 841 321
2109 2640 2129
2391 271 2390
1752 1901 1751
1525 477 1509
823 1456 1455
2201 1116 2362
797 486 2946
1214 1880 1475
1324 752 1803
1365 2676 1363
1273 3047 1275
98 3030 100
1725 2967 1747
2550 1491 2549
77 429 81
2979 2430 2933
2693 1181 2230
1181 2693 1725
2474 2773 2452
1661 1154 1662
2693 2967 1725
989 2398 1861
493 486 797
2664 2773 2373
2994 1093 501
2773 2664 2452
819 550 693
493 2564 3010
1093 2994 249
1901 1227 1751
3008 2876 2930
2876 3008 2875
2102 2421 1981
2599 1078 1914
1399 3057 1746
2591 3057 2712
511 2744 513
1085 1083 1900
2398 989 990
2541 1375 1374
3057 2591 1746
707 888 709
477 1525 476
945 1247 944
3057 1399 2712
1370 1718 1719
1910 1263 1234
2734 349 1005
1327 349 350
2199 1186 1115
1484 2746 1485
733 1620 1257
1207 1197 1257
1207 1257 1206
836 3050 1782
3050 836 837
1259 2956 2063
731 1620 733
3037 2609 893
2375 1270 1493
349 1327 1005
2609 3037 2608
2201 2199 1115
429 77 2106
271 2391 2356
237 579 236
237 239 580
1548 1647 1821
98 309 1899
1852 2968 3058
1848 206 82
1049 709 1677
579 237 580
1299 849 1581
1952 1407 1405
1408 1407 1947
1488 1489 3059
1705 1506 1662
1506 1705 1507
848 849 1299
46 1859 47
2339 1576 2192
2083 2090 2684
1429 2559 2626
1303 1018 1016
1376 2541 1374
1271 785 786
682 1537 2373
1437 439 1439
1437 1440 1834
1324 1803 1801
2083 1569 1570
2653 796 793
796 2653 2564
188 189 2417
724 1114 827
1114 2796 827
1235 1746 1744
1338 1324 1801
1023 1029 1512
1802 1763 1761
1653 1763 1801
1023 1300 1025
1163 676 1162
2892 1933 835
1569 2083 2684
389 1987 388
1779 1777 815
3060 2566 2567
189 259 2417
1987 2357 388
3058 66 1747
3060 2577 922
66 3058 68
1745 2843 1744
1047 1149 1046
1149 1047 1419
2156 384 531
2066 1075 1937
1396 1605 1397
1396 1398 1604
1952 1914 1913
896 2820 2420
2820 2864 2420
3056 2576 660
1163 678 676
1011 2559 1006
2751 654 768
2712 1151 528
1367 1582 1388
2299 832 2088
2576 3056 2390
1264 943 942
943 1264 1843
2088 2903 2299
2577 3060 2567
2566 3060 922
2591 1748 1746
1670 2544 2709
2947 2583 2908
1216 3054 1218
3054 1216 2070
579 2301 2343
2766 1388 1581
1408 1687 1684
2301 579 530
2780 691 1164
1389 1060 2552
2032 2387 2393
1166 691 692
691 1166 1164
2031 2032 2393
658 3056 660
653 658 684
849 626 968
1962 2530 2952
2530 1962 2778
2051 2885 2228
2885 2051 1904
2885 1358 2228
2780 1164 1827
1743 1638 1394
750 916 752
2352 2344 2625
2455 2039 2023
2051 1905 1904
882 726 788
1417 1158 1219
1638 1636 1394
1193 1494 1770
3061 865 2495
1217 863 3061
9 2863 1809
3062 1028 1574
2490 2863 8
739 2372 737
2863 9 8
2372 2474 737
3062 1565 1027
2208 1430 1834
620 924 1079
98 1899 1632
1600 1949 1947
1950 1949 2173
2608 3037 2926
3063 992 1071
1109 1055 1929
1098 1029 1219
1072 2985 1074
630 633 1672
1245 2766 1581
187 3039 1421
2857 364 2529
3039 187 2101
262 2463 2716
2388 1862 2098
363 2857 2909
2463 262 2462
2549 1491 1487
1930 1753 1751
1467 1724 1528
2206 1446 1772
1565 3062 1574
1862 1861 2098
1236 1235 1744
823 1455 2946
1455 797 2946
2802 1236 1744
2621 867 868
2760 2527 745
2527 744 745
1341 3064 1340
744 2527 2526
2429 1198 2933
1222 963 2869
2430 2429 2933
1198 2429 1196
1982 1980 1996
963 1222 126
1323 1324 1338
2696 1460 1200
936 1105 1100
1528 1716 2422
2232 1877 1053
3064 1341 197
1028 3062 1027
3064 2253 1340
2045 1223 1188
2206 1475 1878
3004 2485 2484
2113 2136 2115
1077 1078 2599
1483 3016 538
2573 2228 1772
630 1670 632
245 2622 846
1863 2009 2837
1040 3004 2484
2572 2573 1772
2243 1909 2446
809 3065 191
680 1537 682
1154 562 1662
2485 3004 2699
2155 2154 2352
190 3065 2518
600 2956 1259
556 1436 1446
1576 1577 2192
1223 998 1188
3012 1783 1782
2873 203 1780
2983 863 1218
935 2335 466
925 1876 935
2318 2720 826
2900 2720 2905
2585 2746 1484
351 2426 1930
394 1556 393
2959 963 964
1753 2426 3024
2591 2590 1748
2426 1753 1930
765 1691 1689
1101 936 1100
936 1101 2242
1226 1901 1084
1901 1226 1227
3009 543 1397
863 2983 800
529 1014 2590
3041 1597 1913
1597 1600 1913
3065 190 191
2464 2983 1218
1597 3041 1599
2746 2585 2326
3065 809 2518
639 1094 638
2648 1308 1481
1705 1704 1656
2953 1704 1703
2532 1127 1199
3028 2603 2507
2001 1276 2121
109 2532 1199
2873 2472 2596
575 970 577
1029 1513 1512
1856 242 56
575 578 1030
71 587 2813
71 2056 70
1856 1898 2308
640 1391 1369
1391 640 638
1377 2364 1378
2436 2364 2365
3044 1241 1378
2558 1829 1828
116 83 1003
119 740 2632
2593 2070 2592
2592 2070 2071
2592 2071 2922
1715 2001 2121
2999 2454 395
1112 2073 2074
1195 1189 414
2200 2148 1939
2870 2270 1514
2148 2200 2168
2264 452 1090
146 3028 2507
3056 658 3055
2235 2236 1709
1346 2872 822
292 383 2749
2642 2643 564
1899 1631 1632
2460 1218 2771
1218 2460 2464
1522 1523 2698
1670 630 1672
1668 1669 1618
2418 1921 1919
2908 632 1670
2418 129 127
387 1496 389
127 1921 2418
2595 1487 1451
3015 1267 1482
2459 183 2268
2608 3015 1482
2024 2763 989
2027 869 2604
2600 1980 2416
2837 2138 2139
2472 2873 1780
3063 2563 982
259 1890 27
1890 259 189
2609 2607 223
2872 1346 1904
1835 56 1547
893 2609 223
2563 3063 1071
2497 1568 2508
2910 711 712
27 2155 2624
2155 27 28
1533 1586 2572
2337 2425 2342
1711 690 17
2367 2441 2135
17 690 16
606 1467 590
1568 2497 21
2425 2337 2927
992 3063 982
1615 1741 1286
3034 2257 2258
1462 1471 1983
2204 2205 2989
1637 3066 1099
2158 4 1480
180 3003 421
1202 3003 2487
3003 1202 421
1805 2499 1615
1435 1533 2572
929 3067 2698
1096 2845 2084
2694 3067 1359
1513 3066 2870
2077 2845 2194
2845 2077 2084
3031 2555 2431
551 844 553
2648 2353 1539
3067 2694 2698
2620 2618 2084
711 2910 2909
2078 2620 2084
3066 1513 1099
3068 233 312
2386 2332 3014
2205 3020 2989
487 442 2966
2353 1538 1539
852 2594 851
2917 2139 2137
1217 3061 2069
2139 2917 2525
3061 2495 2069
2525 2837 2139
2118 661 3045
661 2117 3045
445 444 2180
2117 661 662
444 2181 2180
2594 852 1095
1881 2913 1883
2913 1881 2610
2851 1601 2974
3066 1637 2870
2269 2870 1733
1360 1654 2896
2870 2269 2270
3067 929 1359
3068 1845 2768
1845 3068 312
2838 2794 2832
2794 2838 354
822 2872 824
3069 2740 1240
181 179 1087
2560 2906 2907
2982 1699 1889
1532 1435 333
2621 1549 2909
2906 2560 2765
2193 241 901
3069 2861 1871
2630 2631 2704
233 3068 2768
3005 2386 3014
1726 1472 2736
2736 1472 2652
435 2652 1472
2861 3069 1240
2213 49 2651
1926 3059 1489
49 2650 2651
2650 49 1185
1924 3059 2172
2452 1281 1280
1281 2452 2664
2740 3069 1871
1441 874 1443
2584 2942 1945
1123 1642 1681
1488 3059 1924
1808 1423 3007
1640 2776 1639
2843 2641 2844
3070 1789 1531
2641 2283 2844
2584 1945 1590
1590 1945 1579
1868 547 550
443 296 2080
3059 1926 2172
616 2519 2439
616 614 2668
2776 1640 730
2174 2851 2974
1601 2851 1598
3029 1414 1420
1205 1333 1534
1071 2911 1081
3070 1414 877
378 2637 2466
2637 378 3071
2747 2637 3071
1451 1936 2749
1937 1352 2066
240 58 242
1352 2067 2066
3013 2726 1807
2116 3013 1807
3013 2116 2114
2076 2074 2122
2076 1908 1776
2644 2103 2498
38 2456 3000
58 240 1383
2456 38 39
2465 2215 2237
2300 2689 1882
2689 2300 2688
2508 2644 2498
2871 1722 1723
1738 351 1930
351 1738 350
703 3072 2120
2515 1882 2689
93 1613 92
453 3073 452
1090 3073 1853
3073 1090 452
3001 667 1445
3073 453 1853
3032 537 538
2687 2581 348
1414 3070 1531
3074 907 908
2581 2582 348
3074 2487 1242
2487 3074 908
213 337 335
337 213 2504
1591 2666 1384
1789 3070 877
2790 3001 1445
667 3001 1179
2581 2687 757
2553 1553 753
3024 3032 538
2084 2618 1126
123 2912 2735
214 472 473
1678 508 1684
728 2925 730
2970 1532 333
1677 1678 1684
2922 3075 2821
705 2693 2230
2967 2693 1760
2008 2757 2551
2930 2757 2271
2757 2930 2551
976 3075 2071
3075 976 2821
3075 2922 2071
493 3010 485
296 297 2080
2067 2203 2667
2203 2030 2667
2198 2537 3011
1275 2812 1425
1960 67 2306
2701 1065 1066
2834 1121 2195
2198 2834 2195
2912 123 1081
2550 2552 1736
1491 2550 1736
472 214 1991
1722 2871 1962
2288 2666 1592
1985 2825 2914
1135 2467 2507
671 238 236
2714 2927 2713
2715 2713 805
1442 2583 1444
2583 1442 2907
2975 2721 2722
76 1379 2939
1463 2902 367
1048 2158 1480
1860 2902 1464
731 119 135
2902 1463 1464
2825 491 2914
119 731 740
2729 3025 2728
605 377 2289
4 2158 5
2728 3025 2151
2822 3072 1682
252 2348 1547
2498 2103 2141
2103 2152 2141
2825 1985 2266
2682 1636 2723
143 145 376
2152 143 376
534 2619 2620
2578 2250 947
2624 2962 26
3030 98 2163
27 2624 26
1291 2491 2731
2847 1733 2870
2400 2419 2399
2491 1291 2493
2419 1740 2399
922 2578 947
1448 2619 535
1733 2847 1743
2945 2899 2612
2491 2492 2731
2574 2212 2777
2212 2574 720
2172 2174 1924
1749 523 580
1924 2174 2974
1497 2962 1498
2619 534 535
523 1749 522
2962 1497 25
832 2299 833
2299 2903 1629
1404 3076 122
2736 2652 2338
2289 2258 605
2035 3076 685
3076 2035 122
1137 2927 2337
3076 1404 685
2250 2251 2481
2809 775 776
572 2483 2451
2839 2227 425
2580 767 454
1637 2847 2870
1415 1416 2616
767 2580 757
2150 2462 2728
456 457 539
200 1959 199
2151 2150 2728
457 541 539
2809 1504 1505
1970 2839 425
775 2809 1505
1415 2105 1420
2483 2251 1975
550 239 1868
239 550 819
1468 1726 97
1881 2516 2611
3072 2822 2120
1726 1468 1472
1201 975 2273
980 773 655
2937 2815 1777
975 1201 974
2815 2937 2783
2013 2937 1777
856 2840 1211
758 759 1578
1224 1201 2273
218 2981 2795
480 1135 1170
2981 218 219
2374 2375 1493
2374 1735 1932
1735 2374 1493
2104 2614 2787
569 1967 571
2829 1967 1804
1070 649 647
2607 2598 223
2833 2000 607
1967 2829 571
648 1252 650
2000 2833 2740
716 2293 2295
2943 716 2295
1252 648 1844
714 2293 716
2598 225 223
1807 1808 2116
1807 2726 1424
2321 23 24
95 1468 97
2840 856 2589
80 2027 199
2927 1137 2713
1920 1229 1919
2926 2546 1585
2713 804 805
265 2137 267
265 2673 2137
2673 2917 2137
1974 3017 2799
3017 2800 2799
1017 1955 2026
1954 1955 2704
2450 494 572
2451 2450 572
484 2146 2145
2146 484 498
2388 1321 2671
2217 2818 2223
1321 2388 2096
1326 1321 2096
1180 2742 2162
2743 2683 2742
2217 411 409
469 2546 2276
746 1612 729
489 1519 2191
1519 489 490
2371 2369 2976
2818 2217 409
2703 460 2702
219 217 1656
2981 219 1656
2677 2814 2359
1269 2992 1268
1866 865 864
1087 179 1866
937 1334 2382
1334 937 938
939 937 2382
1861 2398 2098
407 2496 406
2623 130 2313
2546 2926 2276
1973 320 2451
2369 1381 2976
2449 2496 407
406 2969 421
2969 180 421
2152 376 2140
1793 2040 1810
2040 1811 1810
2666 1591 1592
2750 2349 2351
2186 1961 2349
1199 2966 109
2966 1199 601
1688 2396 2394
2747 3071 2676
2492 3071 378
3071 2492 2676
2073 2575 2075
2992 1269 1908
3077 1660 1659
2580 3078 492
2005 591 14
2637 2745 177
2745 2637 2747
2593 1349 3054
591 2005 606
1627 1651 1635
2861 1992 1871
452 3078 454
3078 452 492
2070 2593 3054
687 735 694
2589 1556 2840
1786 1002 47
2349 1961 2307
515 1778 1779
2960 713 711
2554 1041 2402
2856 2960 711
1421 3007 1423
3007 1421 3039
3031 2432 1373
2255 1792 1262
1928 547 1868
267 2138 2325
2009 2325 2138
1928 31 32
2138 2837 2009
1476 1708 342
1203 1204 2536
506 507 1013
2756 2754 2867
2699 2755 2756
612 610 2858
3077 2645 190
1800 2761 2229
1088 2980 2434
1714 2108 1978
3078 2580 454
2108 1714 1715
1602 1186 1184
1117 1115 1602
2815 1411 817
451 2980 468
1777 2815 817
2980 451 2434
255 253 1279
1613 1788 1805
2063 2675 1365
2675 2676 1365
431 2104 2787
416 2224 2265
1923 2901 1488
2961 2777 2792
2210 2792 2777
2210 2777 2212
2961 2779 2777
2432 3031 2431
1068 1045 3031
2224 2022 2265
1068 3031 1373
2224 416 2225
2384 2383 2521
1053 1054 1379
1645 3079 2913
3080 304 554
869 2027 80
2393 2670 2671
144 2383 145
948 3079 950
791 3012 1604
3079 948 2913
2649 2727 860
1875 2678 564
2678 1875 925
1955 1017 2704
1725 1183 1181
17 2202 18
3080 584 303
1602 1184 738
3018 2890 2944
3018 2916 2887
29 2724 30
2726 2724 1424
2890 3018 2887
584 3080 554
397 2461 2513
304 3080 303
3081 2682 954
2461 2455 2513
2743 1179 2819
1699 2936 2478
3079 1645 950
3081 2759 3026
2759 3081 954
269 3082 2788
639 3083 205
1519 490 904
2682 3081 3026
1510 1502 2254
2918 1524 2695
2855 1502 1503
1848 116 2025
2918 1642 1123
3072 703 1682
2289 375 2384
3064 197 2948
1758 2967 1760
310 1252 1845
2253 3064 2948
1622 2106 77
1979 1254 2290
1254 1979 1978
2092 2094 2091
37 1887 36
312 310 1845
2547 2196 2197
1252 310 313
2939 1054 1109
1610 419 118
2966 442 568
419 1610 2506
2852 2173 1949
1642 2918 2695
137 136 537
1237 1938 1287
1792 2260 1791
1153 2260 2254
2260 1153 1791
3084 3026 1394
1667 340 2413
340 341 2413
2787 432 431
1837 3085 2220
3002 180 181
3002 1244 2487
152 808 182
1313 2190 3020
1312 1313 3020
2320 2311 2377
2408 2311 2312
2510 2151 3025
2160 1911 1080
2160 1617 1264
1617 2160 1080
808 152 969
3056 2406 2390
2169 2170 714
2293 2170 1878
1244 3002 181
666 405 421
1354 2951 1356
2951 1354 2772
2951 2486 1356
48 2934 50
1718 2635 1720
2207 1842 2124
1729 2134 1891
202 2207 2124
2904 2673 265
2904 1676 2715
3084 1636 2682
2134 1729 2136
2459 2457 185
2457 1641 185
2170 2293 714
617 227 228
2594 2592 851
1495 2354 1840
693 2780 1749
1518 3083 1578
365 1548 2091
2940 2942 2584
2592 2922 851
1453 1086 1091
1907 2670 2393
2947 2940 2584
232 2470 1596
2670 1907 1671
2238 3006 941
3006 395 941
3086 2560 2907
1228 1248 1225
3087 1730 1728
3083 1518 205
1248 1228 1242
1311 1312 2241
3087 2727 2127
2727 3087 1728
1730 3087 2127
855 851 2922
2883 1968 518
3083 639 1578
2708 2703 2631
1968 2883 1572
2221 3085 2971
1964 2891 1066
2428 2936 1697
987 3088 986
2858 3088 2859
3088 2858 986
3088 987 2859
2782 1401 1569
1266 3015 1587
3015 1266 1267
2496 2449 2495
2085 402 2231
1613 1805 1615
2966 568 109
568 95 109
1082 1266 1587
1281 3053 1277
1401 1402 1569
1501 499 1503
2438 2334 1971
2954 500 622
3086 1442 2341
2888 2211 715
2334 2438 2750
2792 2210 2791
500 2954 502
2888 716 2890
2629 2954 622
2865 2365 2866
716 2888 715
2365 2865 2436
2779 2961 2856
1636 3084 1394
2303 2588 2589
3026 3084 2682
1442 3086 2907
257 274 491
3053 1281 2663
3058 2968 68
1099 1513 1029
97 2968 1850
3053 1279 1277
1098 1099 1029
694 735 1713
3021 389 1496
1828 288 102
2722 2720 2900
101 2 103
1616 2085 2532
741 384 995
109 1616 2532
2560 3086 2341
2785 3055 653
993 741 995
2431 2543 461
863 801 3061
425 426 1814
801 865 3061
1339 1965 1344
163 2630 2704
2761 2003 2229
2235 1709 773
3074 1242 1228
907 3074 1228
2998 2705 2019
1924 2974 1923
2998 2798 1661
2798 2998 2019
479 480 1170
2947 2908 2709
33 2130 34
2128 2992 1908
2992 2128 1841
2397 764 2179
2630 163 1957
1166 692 1697
1220 1237 1286
3055 658 653
2478 34 35
197 1341 1094
866 867 2328
2531 2552 748
2986 2739 1644
2739 2986 2404
1709 1710 773
1040 2484 1295
2988 2986 1644
2484 2317 1295
1168 2797 1445
2797 1168 2880
2914 1986 1985
2370 1061 2059
2798 1154 1661
2105 2112 1420
905 488 662
488 905 490
2112 1621 1420
2135 2327 2367
2916 2536 2547
2657 1833 1832
2140 376 933
2397 2657 1832
1833 2657 2658
2296 21 20
774 36 35
2297 1990 1781
1990 2297 1883
2300 2297 1781
2343 2301 2302
1042 1294 3036
756 2531 748
588 2010 589
537 3035 3043
3035 2732 3043
2003 2761 2002
1113 248 1466
2181 1113 1466
2443 2533 1006
1286 1614 1615
2010 1864 589
1 2163 1632
2875 1732 3019
2590 1014 2934
1748 2590 2934
308 366 344
3085 2221 2220
2043 2476 2041
2645 3077 1659
3036 1294 1296
385 704 455
2476 13 2041
2010 588 2012
3089 933 2121
2892 2062 2064
2874 2860 973
966 2310 2320
2062 2892 835
2543 93 461
702 2120 2143
2068 2899 777
498 1203 2146
3089 1276 932
1391 2194 850
693 548 692
2194 1391 1342
1 1633 1786
704 2068 777
3090 954 1927
2944 2890 2943
182 809 2479
1660 3077 190
3090 2535 2759
760 778 2405
2163 1 47
2988 64 62
2029 1210 1213
1784 1001 1002
749 1479 1019
2142 2274 2141
2877 3091 2357
3019 3091 2875
3091 3019 2357
3091 2877 2875
19 2274 18
37 2226 38
902 646 1966
3044 2972 1241
1312 1685 2241
2972 1238 1241
2972 3044 2971
2860 1240 973
1276 3089 2121
483 481 2409
933 3089 932
2308 901 241
699 705 2230
1982 609 607
901 2308 645
609 1982 1996
1054 2939 1379
1181 1679 2230
1973 1974 2799
2373 2893 2664
663 905 662
2893 2373 1537
905 663 820
1224 1854 453
1853 1854 1806
2725 31 30
2070 1216 2069
1216 1217 2069
3025 2729 3026
288 1828 391
994 1020 993
1001 1784 1492
2535 3090 1927
1680 2047 2241
2449 977 2069
2703 2708 460
933 934 2140
934 2142 2140
1050 33 34
3048 2380 2050
1188 998 1630
1382 1650 2346
1132 2798 1213
548 693 550
3092 1730 2127
3092 3005 2115
3005 3092 2127
1730 3092 2115
1972 3048 2050
1650 1382 2896
1650 1648 2345
1608 3093 882
3058 1747 1852
1648 2617 2345
726 3093 940
3038 1146 1147
1153 1146 2853
3093 726 882
1146 3038 2853
760 2405 2403
3093 1608 940
2798 1132 1154
432 2787 1953
2312 2322 2408
2047 2322 2241
3038 821 2824
110 1894 1838
2719 1895 1896
821 3038 820
2725 2333 31
1031 967 965
1274 1110 1111
2846 2424 2403
2469 1816 1814
2028 1053 1379
1816 2469 2471
2594 1095 1349
2647 2110 2111
954 3090 2759
2729 1393 3026
2118 3045 2143
1095 1350 1349
994 3045 2117
1698 2238 2239
1393 1394 3026
2028 382 2232
2377 1022 2320
1378 2949 3044
2437 2949 2436
820 3038 1147
3094 2925 728
2949 2437 3044
2252 1974 1975
1411 2815 1710
191 193 1499
230 2110 244
2 101 1977
3094 2706 958
1403 2246 706
1716 2415 2422
1127 1702 1700
2936 1699 1697
697 1402 706
939 3095 936
1105 3095 3048
2658 2182 2177
2730 2728 2462
2179 2182 2397
2176 2658 2177
742 1335 533
1053 2028 2232
2176 706 2246
2658 2176 2246
2290 2415 1979
3095 1105 936
3095 939 3048
2895 408 298
2895 685 302
2415 1716 1979
408 2895 302
2439 615 616
607 2000 1982
615 2439 2601
1323 2881 751
2760 2229 1038
2881 1323 1344
2881 2553 751
1121 2835 2918
1682 19 18
1895 2719 951
418 1008 2150
2721 2975 59
3085 1837 2971
2141 2368 2498
20 2368 19
2498 2497 2508
21 2497 20
826 2721 59
420 1007 1008
2188 1362 1238
2245 2247 2317
2245 2485 2246
2906 2765 2763
2087 1526 3011
776 2081 2126
34 2081 35
3096 985 986
1478 1014 1019
1478 1481 2935
3096 281 1849
281 3096 986
2380 2381 2408
2377 2381 2382
1995 2987 62
2987 1995 1994
2987 2988 62
1689 2178 765
2179 2178 1775
877 3029 879
2178 1689 1775
3029 2655 879
232 243 2471
800 1353 1351
985 3096 1849
1473 2607 1482
2587 2586 2753
2280 2310 966
2280 2190 1313
2767 2522 2518
2113 2133 2136
2739 2405 1527
2706 3094 728
2405 778 1527
1711 17 18
561 1131 883
1521 1560 1526
2669 1420 1621
966 967 2191
1733 3008 2269
2325 2012 2326
1689 1774 1775
2669 2655 3029
965 966 2320
1774 1689 2161
524 522 1827
2370 1063 1061
1560 2836 1526
1317 1622 77
1420 2669 3029
2053 1461 723
1008 418 420
927 926 1725
2005 14 15
1560 1521 1523
1747 927 1725
904 2855 1503
1461 2053 1282
3023 2361 2702
2117 1032 994
147 216 473
691 2780 693
216 147 148
495 1573 2042
1145 2855 1147
2534 1649 1143
1145 1153 2254
1649 1654 1143
1574 2828 1575
2345 2958 2347
16 688 15
2923 2285 1798
688 16 690
3051 2192 2764
2897 641 657
2765 3051 2764
2924 2923 1798
2382 1026 2377
2086 2087 3011
2734 2427 349
1622 1317 1390
1959 200 1958
3033 1946 2638
1946 536 2638
75 1317 77
499 1511 1503
2087 485 3010
2506 1611 2268
2427 351 349
1519 1511 2042
1036 1037 1589
1037 1076 1589
1076 1035 312
2072 2075 2124
2072 2122 2074
434 95 568
2748 1761 292
260 2417 259
260 26 25
2810 28 1422
1424 2810 1422
255 2801 256
28 2810 29
854 1668 896
1761 2748 1802
2749 2748 292
1185 49 51
660 2898 659
2925 3094 958
24 2435 25
756 749 1019
8 372 7
372 373 7
1134 2862 2864
3097 1768 698
2723 952 2682
1768 3097 2089
2584 1590 1444
2997 2996 2316
2771 3054 1347
3054 2771 1218
3097 696 2177
2268 2267 2459
228 614 617
2872 1904 184
1250 1251 1843
2120 2118 2143
1773 3097 1775
2299 1629 2298
1251 943 1843
903 2855 904
2855 903 1147
3097 1773 2089
2602 2919 497
2691 1033 2004
1410 2602 497
2919 2602 2548
1159 1098 1219
33 1051 32
696 3097 698
785 2494 787
19 1683 20
2489 2494 2617
2183 3097 2177
2494 785 2617
2183 2179 1775
2950 2997 2316
1393 2729 1551
3097 2183 1775
328 329 2046
719 1723 326
955 2054 1169
2147 1761 1762
2835 1121 2834
2835 1524 2918
1385 2396 1688
381 305 334
1761 2147 292
1840 3021 1496
2708 154 460
3082 269 2545
3082 1815 2788
1815 3082 2545
1829 2558 1345
54 2558 1828
