1 0.051524290954 0.023701009101 -0.99757594189
2 0.2508181914 -0.064208312513 -0.96943781074
3 0.079342175212 0.16853134707 -0.98420745379
4 0.37708085614 0.18680445482 -0.91483276859
5 -0.060004375236 0.10186244245 -0.99316229185
6 0.50401577785 0.010543498479 -0.86455269407
7 -0.1007292304 0.30271652141 -0.95554023425
8 -0.054589244241 0.01156444003 -0.99765161914
9 -0.20289984435 0.047738448851 -0.98213731135
10 -0.19917643582 -0.21382096356 -0.96490654922
11 0.073251339346 -0.17177376387 -0.98737404773
12 -0.031129890421 0.49764662642 -0.87331689054
13 0.29347623483 0.49714098756 -0.82862079227
14 0.6215793098 -0.069968743766 -0.78094815854
15 0.59927499595 0.055648570774 -0.79925192179
16 0.69939988094 -0.050960931095 -0.7160306527
17 -0.33853740459 -0.027267146261 -0.9420325178
18 -0.35709121821 0.12256154764 -0.92710433895
19 0.53040386739 0.10336026773 -0.84135304924
20 0.59368467651 0.11184969324 -0.79688599346
21 0.79439003521 0.017050244859 -0.61859874371
22 -0.30495819966 0.26387652861 -0.91790150387
23 -0.43112338492 0.08107073493 -0.89863798577
24 -0.40620121257 0.027092764009 -0.91378104627
25 0.56464039343 0.16827201673 -0.8074353148
26 0.53318380543 0.2337467671 -0.81385511411
27 0.63516652502 0.1416725567 -0.76082564884
28 -0.328861787 0.42164878927 -0.84917170542
29 -0.43015700867 0.13792020471 -0.89214589271
30 -0.058272572262 0.61739746364 -0.78387479553
31 -0.027246154796 -0.47476299897 -0.88905854356
32 -0.45004937395 -0.025751600181 -0.89313830768
33 -0.47233467258 0.061886345 -0.87954629109
34 -0.43546351743 -0.24232926514 -0.86801629775
35 -0.38594397833 -0.33377007895 -0.85981032007
36 0.21669089047 -0.27177952545 -0.94003345202
37 0.15409304718 -0.35584741013 -0.9219086498
38 0.56622463568 0.3061169078 -0.76529365169
39 0.51229412169 0.34393369598 -0.78844935237
40 -0.41969175697 0.21023287416 -0.88347120497
41 -0.49826311099 0.16374488372 -0.85055794398
42 -0.22489358207 0.56903699127 -0.79143442484
43 0.045475081133 0.70945861399 -0.70455953818
44 -0.15480316755 -0.54174252885 -0.83173814868
45 -0.58809403311 0.12195342195 -0.8015323836
46 -0.68383633827 -0.076271272911 -0.73402813321
47 0.35270757653 -0.21968505616 -0.90839453911
48 0.12612487357 0.74731316494 -0.65334624004
49 0.47249805858 0.49485338006 -0.7303326301
50 0.62183324161 0.32749713756 -0.71256885575
51 0.56831001263 0.34850716155 -0.74507291614
52 -0.3355789418 0.51918281374 -0.78615228558
53 -0.40140569803 0.4689342873 -0.78657693995
54 -0.50837159674 0.22301283096 -0.83271616441
55 -0.43732135418 0.28683999894 -0.85299444732
56 -0.51212050092 0.2824707232 -0.8114675729
57 -0.14262197662 0.64733523507 -0.74978322535
58 -0.2235477189 0.62973142841 -0.74331819004
59 -0.047448387683 0.7172264512 -0.69677895094
60 -0.55084503858 0.024148984882 -0.83397791312
61 -0.30388983031 -0.43772751458 -0.84619780209
62 -0.48742353121 -0.27501537439 -0.82816272687
63 -0.41462942836 -0.43821455561 -0.79930562941
64 -0.43715000025 -0.33258936269 -0.83590759388
65 0.18590646498 -0.45154282624 -0.87333066542
66 0.42039133629 -0.15827506089 -0.89343173868
67 0.1627212602 0.63486782453 -0.75808989174
68 0.23457614516 0.71752796818 -0.65660263319
69 0.54326889768 0.50217269361 -0.67298223713
70 0.7182751728 0.36223311149 -0.5995179962
71 0.92351926208 -0.20525399138 -0.32493149182
72 0.90588660125 0.093622620378 -0.42227483493
73 -0.30407730378 0.60118333986 -0.73986582922
74 -0.3820845184 0.64114698072 -0.66590385111
75 -0.47843893774 0.37979077591 -0.79268872696
76 -0.61704489027 0.37612512346 -0.69448617518
77 -0.60070451895 0.19938236661 -0.77456216973
78 -0.69511446927 0.074637346446 -0.71473337541
79 -0.6763777309 0.1934742226 -0.71217407382
80 0.14664998075 0.81562031097 -0.56257754195
81 0.035053057691 0.79342850901 -0.60854286341
82 -0.25200455475 0.71227341198 -0.65820568557
83 -0.08995904012 0.78569108909 -0.61504956133
84 -0.32631350969 -0.47806854989 -0.81546120301
85 -0.28167314287 -0.51300757014 -0.81085637246
86 -0.7462602848 0.050698948505 -0.66464785194
87 -0.48712884503 -0.37039368812 -0.79099954922
88 0.36733637907 -0.33191530566 -0.87004044525
89 0.26488627109 -0.49844370193 -0.8258065256
90 0.011798144823 -0.68228311858 -0.73264168515
91 0.20251125276 -0.61228893385 -0.76417658185
92 0.38411291053 -0.079577097944 -0.92088626866
93 0.42356658161 -0.21809599875 -0.87921686902
94 0.50675101904 0.59566845867 -0.62451563825
95 0.19132284404 0.77535555796 -0.60186284154
96 0.36473858081 0.76794385007 -0.52538570201
97 0.60544224237 0.44293966262 -0.66157777529
98 0.82552586751 0.3187132322 -0.47204060787
99 0.55351340228 0.44626731722 0.70260771017
100 -0.50570056433 0.46109455885 -0.72987042846
101 -0.74675794532 0.1190579764 -0.65570166287
102 -0.79552457725 0.27598001861 -0.55241290169
103 0.045908044826 0.85575936561 -0.51618235496
104 -0.10660033331 0.91694075433 -0.42147156523
105 -0.32716170773 -0.56142233544 -0.76161655331
106 -0.25238706852 -0.58956223751 -0.76726574301
107 -0.4815622556 -0.63974408693 -0.61292632368
108 -0.74988491332 -0.42046607103 -0.54033648927
109 -0.57560038981 -0.39211152638 -0.72067512082
110 0.41733199705 -0.39090160748 -0.82056796475
111 0.32118320289 -0.43911405476 -0.83923986604
112 0.32963524139 -0.49158663769 -0.80583085396
113 0.14059548441 -0.69493087401 -0.70626478231
114 0.48300943427 -0.23233400906 -0.84422740777
115 0.69158042341 0.52914828294 -0.49933239457
116 0.42142147125 0.66166672126 -0.61862818277
117 0.24202707653 0.82113307706 -0.51640789591
118 -0.54860032672 0.62805370945 -0.56425064271
119 -0.39486122223 0.75012936521 -0.53286850521
120 -0.23299989062 -0.66165045203 -0.71499255078
121 -0.10214598264 -0.73803490479 -0.66555842886
122 -0.34636032245 -0.72630079104 -0.59190441185
123 -0.33937376493 -0.28932352941 0.89618515215
124 -0.80111054529 0.059926783823 -0.59550026262
125 -0.8106929307 0.016078813792 -0.58527884359
126 -0.81299795668 -0.041946549083 -0.5808721607
127 -0.77033035351 -0.042106849499 -0.63627385909
128 0.4654105196 -0.32342439277 -0.82451208242
129 0.53767102627 -0.44069276407 -0.72458653505
130 0.39160119561 -0.58387611477 -0.7143941513
131 0.38809781476 -0.47788878375 -0.78853058326
132 0.23453255002 -0.72027973013 -0.65494947951
133 0.53894166969 -0.069555901431 -0.83988493152
134 0.52362989674 -0.21662053914 -0.82339976746
135 0.52479060122 -0.28938079805 -0.80100479983
136 0.56636123468 0.66910192596 -0.4871536912
137 0.4717015199 0.66912669442 -0.57480268222
138 0.21843260065 0.85722378425 -0.46850277758
139 0.33540984924 0.83124001376 -0.44635418389
140 0.43601830429 0.72667521303 -0.53132857939
141 0.79200140334 0.41671310056 -0.44771893079
142 0.90976001719 0.27068352323 -0.32344642888
143 0.96161209334 -0.070966467856 -0.26509014113
144 -0.70300145356 0.4757111215 -0.53250788621
145 0.12791856125 0.90789168608 -0.40293321292
146 -0.04158289404 -0.78053963816 -0.6240561378
147 -0.89005298181 0.11964605678 -0.43792575816
148 -0.86715576885 0.012388158403 -0.49828748713
149 -0.84818894266 -0.035147450701 -0.52853166507
150 -0.80339798996 -0.17985853732 -0.56587731476
151 -0.0081729719531 -0.80766848378 -0.58873670092
152 0.47431343414 -0.68126070628 -0.56442816525
153 0.35896986468 -0.72559675564 -0.58649297188
154 0.081137420897 -0.75905795406 -0.64830291886
155 0.28561711042 -0.76118534327 -0.58299531635
156 0.57880852849 -0.012147890491 -0.81494593744
157 0.44464502704 0.7697087025 -0.4593982377
158 0.64190581646 0.6790826781 -0.35767242165
159 0.77535771535 0.51238114339 -0.36799007893
160 0.84541506054 0.43882502884 -0.30361547224
161 0.9403799904 0.28907151829 -0.17602761471
162 -0.44833608314 0.8126244548 -0.38082326911
163 0.2812290854 0.89681559154 -0.3422156431
164 -0.20573485479 -0.7425258832 -0.63708542063
165 -0.31035040378 -0.78201887163 -0.54049028088
166 -0.15069858893 -0.78531187724 -0.60049047853
167 -0.030648112708 -0.91762860104 -0.4089062497
168 -0.90784242732 0.10380536957 -0.40627416433
169 -0.89452896566 0.046185062318 -0.44463136347
170 -0.8764826543 -0.04479694734 -0.47932480827
171 -0.88852518712 -0.0017692447527 -0.45881244418
172 -0.87912463597 -0.11101613772 -0.46343737453
173 -0.72252956666 -0.59469372571 -0.36399709473
174 0.12725364703 -0.84916752907 -0.51094094032
175 0.67256942335 -0.52616266855 -0.54039783806
176 0.19167030146 -0.78890211056 -0.58499262242
177 0.3271506033 -0.77076008046 -0.54732901562
178 0.6354575294 -0.2603522875 -0.72778751704
179 0.36422884857 0.84911644729 -0.38487540901
180 0.51699094294 0.79890790218 -0.3157927378
181 0.8019181464 0.53612936136 -0.26610554374
182 0.7385931688 0.58559576942 -0.33361800196
183 0.88952908256 0.40713368409 -0.20936749848
184 0.99298431738 0.050837480172 -0.13592591085
185 -0.68824638209 0.65350284707 -0.32906086258
186 -0.82478919726 0.42212116006 -0.38020087195
187 -0.89411036014 0.26342818419 -0.36370946521
188 -0.33895976157 0.91391998939 -0.22498994694
189 -0.16337634483 0.9677647004 -0.19598631918
190 -0.57016808865 -0.74762030647 -0.34114368511
191 -0.4704528329 -0.77866313939 -0.4173261121
192 -0.26418854346 -0.74369606026 -0.61475614668
193 -0.19628843982 -0.78840776176 -0.58251531593
194 -0.18224117103 -0.81252762379 -0.55179674362
195 -0.38077944797 -0.78697698035 -0.48630472482
196 -0.91177014011 0.16846295743 -0.37455620519
197 -0.93290802717 0.11935434085 -0.33974851696
198 -0.91433609039 -0.14389524637 -0.37769545561
199 -0.94591818038 0.044055076696 -0.32227959836
200 -0.92882505024 0.004775570184 -0.37048455027
201 -0.91873745551 -0.046786244456 -0.39206771428
202 -0.93833224974 -0.042142458659 -0.34316620331
203 -0.89542075445 -0.078060856941 -0.43831178202
204 0.39355268257 -0.76607104639 -0.50796465719
205 0.35191821813 -0.78748350008 -0.50632981441
206 0.31047710108 -0.81175278704 -0.49462080558
207 0.71086373999 -0.1930620756 -0.67570378422
208 0.6950669657 -0.32720125341 -0.64144830514
209 0.67138601306 0.71188578284 -0.21800780862
210 0.75198310467 0.62282515531 -0.2190478131
211 -0.54630289383 0.81111370359 -0.2088173939
212 -0.90089894684 0.33434332447 -0.2795123607
213 -0.9179030573 0.25337405316 -0.30542182508
214 0.25744417459 0.94536716745 -0.20809205338
215 -0.43656872084 0.86198208318 -0.26146756512
216 -0.21564291938 -0.88987868131 -0.40737760166
217 -0.28395752908 -0.82992116772 -0.48080404099
218 -0.37541529545 -0.8243157419 -0.42511113066
219 -0.94596535427 0.15127059116 -0.28489346638
220 -0.96394277154 0.074058491245 -0.2574350688
221 -0.94686261478 -0.086208322692 -0.30986270738
222 -0.97664700549 0.034940791902 -0.2108163972
223 -0.72671619167 -0.68984167427 -0.11837283142
224 0.0990801044 -0.89585026169 -0.43239388641
225 0.2302609859 -0.890980324 -0.39304122948
226 0.26324897254 -0.84454869424 -0.46670118254
227 0.74997244985 -0.24117633386 -0.61671474115
228 0.80422057919 -0.24694360128 -0.54197183891
229 0.3743095335 0.90099248431 -0.22074745641
230 0.4115927306 0.88603948323 -0.21343734751
231 0.38937851815 0.87275435579 -0.29446277992
232 0.86114568921 0.47408959596 -0.18270881166
233 0.81949863591 0.56606924989 -0.095718543745
234 0.91259653728 0.40460690253 -0.078061465557
235 0.94384908764 0.33351394005 0.020042914838
236 0.98793793482 0.1239777755 0.13240549785
237 -0.39945976084 0.89379632793 -0.20373168959
238 -0.78782483292 0.51744535947 -0.33826305744
239 -0.85493191254 0.45100490054 -0.25568515881
240 -0.9583251463 0.16533320398 -0.23117915366
241 -0.9328112164 0.28645648932 -0.21857900702
242 -0.93610560469 0.23795598736 -0.25900912024
243 0.1676055081 0.98738019949 -0.039495091689
244 0.064970892559 0.98396127739 -0.17830688726
245 -0.37691902476 0.912855895 -0.15689854981
246 -0.22488650557 0.96443847757 -0.14053044283
247 -0.30760506682 -0.85495209295 -0.41856382072
248 -0.5136027539 -0.83806027133 -0.19567088597
249 -0.92873611332 -0.29610434803 -0.24020860908
250 -0.96706676846 -0.044420744463 -0.2505936296
251 -0.96054251884 -0.12094673599 -0.25047455877
252 -0.93882870488 -0.15331874416 -0.30744815184
253 -0.98295492418 -0.11735809323 -0.143627464
254 0.49981826808 -0.76170205 -0.40890944177
255 0.27346559777 -0.90575395815 -0.32475786094
256 0.19137200981 -0.94684824971 -0.26239254298
257 0.46821655391 -0.82004170605 -0.32947709325
258 0.32844093291 -0.8749175027 -0.35586451639
259 0.39135049585 -0.83579176143 -0.38634126865
260 0.8275640244 -0.17034021534 -0.53701558873
261 0.40551746795 0.90830109885 -0.10105548813
262 0.76357637012 0.64003144524 -0.10053724597
263 0.53829557752 0.84164926912 -0.027826091532
264 0.87124148036 0.48683743313 -0.072982741506
265 0.98426712841 -0.12173516981 0.14634401047
266 0.98270735943 0.18220332143 -0.023568020035
267 -0.4718040065 0.86100737537 -0.19209145875
268 -0.4775078599 0.86736776355 -0.14202231316
269 -0.46959399451 0.8822322212 -0.045455348869
270 -0.88253387993 0.44060995841 -0.16432168899
271 -0.91666609396 0.35226487303 -0.18873977231
272 -0.935296581 0.32496988709 -0.14234878435
273 -0.96382837843 0.20278137013 -0.17227666455
274 -0.95107100298 0.25733411562 -0.17098862442
275 -0.054777930141 0.99479166251 -0.077465163224
276 -0.41135894057 0.90263806872 -0.1298946233
277 -0.34044039242 0.93479392026 -0.10595371331
278 -0.15421326659 0.98690110272 -0.058429556332
279 -0.31898292018 -0.87492021592 -0.36355850844
280 -0.35105571465 -0.90125523397 -0.2539703817
281 -0.16706035883 -0.97150442759 -0.1605657437
282 -0.4206154372 -0.86726884677 -0.26948761744
283 -0.97871478638 0.10984246313 -0.1702233532
284 -0.84750027234 -0.50222040222 -0.1855831558
285 -0.95645688302 -0.16725148972 -0.23726041191
286 -0.99603522674 0.051088861192 -0.036292444676
287 0.076538204875 -0.96441988012 -0.25814956277
288 0.74980327081 -0.65804387901 -0.17625095018
289 0.28072498786 -0.92410218563 -0.26021806516
290 0.41581435207 -0.85101586938 -0.32072952254
291 0.35463513822 -0.87749434822 -0.3218975125
292 0.34080335567 -0.90178656502 -0.26445579167
293 0.80732049104 -0.45685768549 -0.38722747792
294 0.87290311335 -0.29264325612 -0.39237262098
295 0.3572609758 0.93327368032 -0.028846077093
296 0.30682970286 0.94774491515 -0.089672970348
297 0.69484072824 0.72588685991 0.011939234705
298 0.82850459433 0.56195025988 -0.013973209173
299 0.89336724639 0.4496843102 0.035643945863
300 -0.5853471404 0.79670331103 -0.15279174701
301 -0.61850847311 0.77757718862 -0.11308433511
302 -0.53464953844 0.84404444493 -0.046028603511
303 -0.82295354267 0.54052107319 -0.1761355186
304 -0.71431498834 0.68552929581 -0.14673776602
305 -0.66170911783 0.73910839486 -0.12597792412
306 -0.93969960704 0.3321761014 -0.087860003741
307 0.26428222225 0.9650014768 0.032601310544
308 0.057859975086 0.99802346254 0.0019862215283
309 -0.078209676409 0.99693217324 0.0056770477045
310 -0.30662323266 0.95526877002 0.044088279187
311 -0.18057807819 0.98386577271 -0.0040013722942
312 -0.53049500064 -0.85641157599 0.041818675447
313 -0.38472733602 -0.9236669925 -0.072041154002
314 -0.91012677225 -0.41054032235 -0.059424902131
315 -0.97643422638 -0.21671048396 -0.044935844803
316 0.55033450424 -0.80337558438 -0.23936164816
317 0.30801957654 -0.93202855865 -0.18881616432
318 0.24542936769 -0.94933025729 -0.19735926274
319 0.39005162003 -0.90755217758 -0.16437736997
320 0.90745992569 -0.13653747507 -0.40249911291
321 0.40326919476 0.9149891481 -0.011574776117
322 0.81474710353 0.57292369934 0.094422441148
323 0.91580355149 0.067446157784 0.39146027441
324 -0.58834005965 0.80471486255 -0.079392786936
325 -0.62730120322 0.77663736533 -0.057771896493
326 -0.45618670099 0.88305844325 0.11397056894
327 -0.52568666762 0.85067931062 -0.0012564286009
328 -0.86958882026 0.47612990001 -0.13090131917
329 -0.82112820884 0.55842844442 -0.11780600203
330 -0.73274332483 0.67847780123 -0.055511163129
331 -0.67751305754 0.73248645164 -0.066593034591
332 -0.65299379508 0.7573568705 -0.0018566399766
333 -0.8636410725 0.50249411416 -0.039986253916
334 -0.89721017728 0.4349983562 -0.076030640959
335 -0.96921400259 0.22412889912 -0.093128978502
336 0.10193756508 0.98842738122 0.12870517079
337 -0.015535355158 0.99811258317 0.049223016607
338 -0.16212258655 0.98230082896 0.097575374815
339 -0.13294412582 -0.99156647039 -0.026728781317
340 -0.97847575734 0.11226047333 0.21967023558
341 -0.86945419028 -0.49935286194 0.030571068923
342 -0.93511523493 -0.34253266186 0.075926550252
343 0.11990204039 -0.98509726866 -0.13153060448
344 0.63261688558 0.44098434624 0.63852538014
345 0.29754772108 -0.95119979492 -0.088943334501
346 0.51251647106 -0.85960198868 -0.058849390261
347 0.46839316491 0.8807420719 0.084424787562
348 0.37257418794 0.92648694274 0.045259741579
349 0.2794393593 0.95166808861 0.12478531275
350 0.90119550547 0.35448775155 0.28609740862
351 -0.54630735092 0.83622104182 0.048033595868
352 -0.49902676711 0.86570062942 0.039142193869
353 -0.62332631932 0.78017142165 0.052995396964
354 -0.80151930547 0.59351017692 -0.073033345921
355 -0.77570796627 0.62868906671 -0.05506143944
356 -0.831527466 0.55563919675 -0.033817146119
357 -0.75258335059 0.65933012615 -0.0021946702171
358 -0.69484133521 0.71913272684 -0.0051359266969
359 -0.64018814787 0.76300815871 0.080116448985
360 -0.87758325418 0.4785132978 0.011057227168
361 -0.90890222982 0.41271612181 -0.039521423192
362 -0.94226522618 0.33070600726 0.11878050035
363 -0.029627044923 0.98710452602 0.16144300754
364 -0.10150195874 0.98038355754 0.16837623574
365 -0.29495484424 -0.94250410519 -0.15710953108
366 -0.2096760615 -0.97657584827 -0.048584891673
367 -0.73788835905 -0.64342394394 0.25311943048
368 0.071250452803 -0.99817409906 0.013613878732
369 -0.00644196972 -0.99755810213 -0.078558539709
370 0.38491707294 -0.92421108809 -0.00019190748482
371 0.92086605404 -0.26812222849 -0.28445068165
372 0.89904338319 -0.37498898947 -0.23007295652
373 0.94903914968 -0.23099208026 -0.21908714878
374 0.39422511868 0.89527447988 0.20981958227
375 0.57132228888 0.80365146628 0.1710855144
376 0.74769205657 0.63666952825 0.19569334082
377 0.65775431838 0.72458929694 0.20756987419
378 -0.44276017107 0.87136778867 0.2066812512
379 -0.58768996811 0.8062005588 0.068249843879
380 -0.60317230365 0.78949517385 0.11338251498
381 -0.71644161311 0.69159472548 0.093057195223
382 -0.8327788202 0.54721905239 0.086424200006
383 -0.28100511086 0.93859943856 0.2085612905
384 -0.27424175393 -0.95876151728 -0.080582994774
385 -0.25401819809 -0.96594653786 0.020336790747
386 0.16357870716 -0.98641544916 0.015444512686
387 0.21535087586 -0.97668180949 0.012630799016
388 -0.050854465554 -0.99877907026 0.024645994095
389 0.038377798017 -0.99592189947 0.08100418467
390 0.65231496127 -0.75960075856 0.037899492404
391 0.38145271638 -0.91865084082 0.10927875147
392 0.95767166589 -0.25380263461 -0.13943167877
393 0.84897217582 -0.52938198416 0.015276207975
394 0.97689229397 -0.18194981543 -0.11370188995
395 0.89611778996 -0.43899399762 -0.081387630657
396 0.60496127231 0.75692300793 0.24826053312
397 0.52874216969 0.8118660114 0.24705163954
398 0.75901425088 0.58260897812 0.3027968117
399 0.91508517343 -0.17867005977 0.37511303706
400 -0.56795352378 0.80907064121 0.15110119186
401 -0.52888567047 0.82915174242 0.1810839685
402 -0.49399294812 0.84289639783 0.21319922414
403 -0.47198314356 0.84147001398 0.2629197832
404 -0.71621681648 0.68015955919 0.15817438431
405 -0.63206750853 0.74987136308 0.19051861829
406 0.19017925505 0.9499745166 0.25389925397
407 0.028496682271 0.96252017982 0.27148255443
408 -0.056180869753 0.96835040889 0.24491953273
409 -0.15238666039 0.95475096283 0.25944391688
410 -0.23616329258 0.92315106662 0.30343385185
411 -0.19573982261 -0.97962609689 0.038117239698
412 -0.94108175957 -0.1583011435 0.32214245205
413 -0.12749203257 -0.98886746262 0.076693921685
414 0.13575977869 -0.98853375865 0.06595504184
415 0.25892650482 -0.96485560732 0.044833116022
416 0.50163483294 -0.86266679999 0.073204328493
417 0.31444600077 -0.94665523015 0.070410242276
418 0.50708046186 0.77977949658 0.36954429186
419 0.60954118893 0.6343320175 0.47673595826
420 0.62172461513 0.72349192801 0.29886831941
421 0.82465649413 0.36334958053 0.43974929342
422 0.83418828277 0.19388712341 0.51951381224
423 -0.85315663504 0.50420358442 0.13164958492
424 -0.4434188839 0.84402107288 0.30423513559
425 -0.57332849149 0.79209456847 0.20956889139
426 -0.5264146203 0.81431813595 0.24447700502
427 -0.4929390318 0.81694457449 0.29934014126
428 -0.553793005 0.78449266047 0.2792710451
429 -0.70697191757 0.64009235359 0.29880433327
430 -0.76855682127 0.61103946521 0.18956516563
431 -0.79912350864 0.57579985359 0.17190966073
432 -0.85721349958 0.45778780031 0.23184859455
433 0.29201391586 0.88303393894 0.36860892768
434 -0.077211148017 0.93841507428 0.33759647881
435 -0.17085286465 0.91540249861 0.3665989772
436 -0.3290435718 0.85493432302 0.40290424972
437 -0.29163366984 -0.95101411988 0.1182858394
438 -0.19319663369 -0.96973588347 0.15567991252
439 -0.86430232152 -0.46114749962 0.20319733375
440 -0.84726847082 -0.4208862161 0.32637742741
441 0.16456752326 -0.98129214598 0.099774969878
442 0.10532195941 -0.98523138739 0.13739839565
443 0.21473885778 -0.96637621265 0.14360608735
444 0.038467711032 -0.98659725833 0.15779990143
445 -0.063278011767 -0.98901062904 0.13885054745
446 0.76399372282 -0.63714208743 0.11816654512
447 0.49219867329 -0.85436334596 0.16553217227
448 0.66865898195 -0.70737387365 0.23731424202
449 0.28514621125 -0.94741497851 0.14613449472
450 0.42561297351 -0.88186670721 0.2039413741
451 0.89859428691 -0.4400985505 0.0072450219823
452 0.93417232107 -0.35711618164 -0.021843438558
453 0.97953352376 -0.19410936139 -0.053814058192
454 0.95904792631 -0.28201841165 0.044260167702
455 0.55685604709 0.72344552933 0.40893574067
456 0.80974877785 0.056067668613 0.58577293098
457 0.8585763356 -0.053585445098 0.51198330242
458 -0.87735027193 0.31899019745 0.3569723661
459 -0.42790031881 0.81110272099 0.39851773788
460 -0.50326969865 0.79001150546 0.35016815233
461 -0.7637812898 0.59740588351 0.24333606937
462 -0.78880436953 0.57320152978 0.22186333334
463 -0.8131878359 0.52601170144 0.24907990748
464 -0.8119271987 0.50383367088 0.29485816916
465 0.098650332728 0.90896638645 0.40695978167
466 -0.0037534544597 0.934421493 0.35739917105
467 -0.12586419456 0.89948346956 0.41885534415
468 -0.26402967169 0.86703463672 0.42411213137
469 -0.49879253046 -0.82006110006 0.2913533399
470 -0.36166802804 -0.89078868681 0.28684753763
471 -0.87005938432 0.033038765709 0.51040675847
472 -0.88350109803 -0.32493465009 0.34923192696
473 -0.13722611542 -0.95178498976 0.27519117273
474 0.0091507737636 -0.97147540953 0.23698704906
475 -0.066798349065 -0.94897896512 0.30820622034
476 -0.051745837552 -0.96587474984 0.25377299833
477 0.49924319946 -0.83963455274 0.21386757395
478 0.56970664575 -0.80491734145 0.16770942792
479 0.33048403842 -0.92302943124 0.19915365416
480 0.26156363725 -0.93166047577 0.25518497134
481 0.38873029948 -0.86771496477 0.31191918234
482 0.44487247001 -0.85359327566 0.27253215339
483 0.89701884892 -0.43552377183 0.083377797142
484 0.91239710586 -0.3505201085 0.21666465412
485 0.99578830207 -0.098115492243 -0.05471531837
486 0.98013495423 -0.19666678777 0.012705825528
487 0.83909710129 -0.53450701059 0.10490331823
488 0.72104297936 0.4017676308 0.56450309975
489 0.44366608347 0.78848370395 0.4278325279
490 0.38688671216 0.84685856676 0.36312619938
491 0.71494323534 0.52052984517 0.47072862459
492 0.65539683343 0.51220344978 0.55707930471
493 0.7786950585 0.26198986102 0.56890861036
494 0.76204638781 0.34935228224 0.54473014512
495 -0.80657617153 0.47419569525 0.35221369266
496 -0.45788326898 0.77217625185 0.43987203686
497 -0.60124363854 0.71276952194 0.36099286896
498 -0.54677785602 0.74487377928 0.38258970051
499 -0.73169418537 0.58529921297 0.34867982487
500 -0.79085223874 0.51002290911 0.338327233
501 0.27753873329 0.80753649236 0.52131081174
502 0.16623712575 0.85352141222 0.49426758691
503 -0.11838337968 0.87257716109 0.47460909738
504 -0.19249292577 0.85569627884 0.48037245363
505 -0.27210616419 0.80731422789 0.52449443208
506 -0.24688111059 -0.93100953865 0.27200313701
507 -0.60038968478 -0.6509500101 0.47822157836
508 -0.20126717415 -0.91397661822 0.35401215491
509 -0.10471523159 -0.93360317349 0.34325493759
510 -0.0056964585576 -0.93600924553 0.34952809394
511 0.16323255903 -0.95274096274 0.25838316274
512 0.11305693791 -0.94696539525 0.30260356945
513 0.19679164525 -0.92166457798 0.33391509682
514 0.7479824091 -0.63240775815 0.20402634578
515 0.82609002092 -0.53355818578 0.18967252414
516 0.55457108552 -0.78119826264 0.289356882
517 0.62738113787 -0.70507308063 0.33100864579
518 0.68254332101 -0.65214223035 0.33074189646
519 0.50014487699 -0.75236803064 0.4306530605
520 0.44741259155 -0.82029363564 0.35777552733
521 0.54010789005 0.67328608867 0.50571085542
522 0.37886825461 0.76687280895 0.51936041559
523 0.508232445 0.72661460947 0.46232105395
524 0.46367910692 0.72039662577 0.51701623803
525 0.55881337962 0.59709791552 0.57651547119
526 0.74563360762 0.29881654196 0.5962345328
527 0.68885500885 0.35830672932 0.63035639514
528 0.73570313923 -0.0079051195477 0.67768005582
529 0.76346751805 0.2053612505 0.61233033993
530 -0.78859849453 0.39858783715 0.47185323618
531 -0.39226638557 0.76082878575 0.51572768332
532 -0.53211894933 0.72928733373 0.43012445746
533 -0.67499506885 0.60602157819 0.42040607156
534 -0.60886177336 0.65952008134 0.44160110205
535 -0.75152584991 0.54275832642 0.37500465948
536 -0.69049127662 0.5641251178 0.45202494723
537 -0.54935364987 0.68970260601 0.47172315323
538 0.071273457159 0.87138781414 0.4868848661
539 -0.001311396446 0.89912023938 0.43808024832
540 -0.13762365337 0.82333130003 0.55128594795
541 -0.048792737564 0.86170109349 0.50610432176
542 -0.20483930573 0.81503398371 0.54239226742
543 -0.27221197498 0.71063309422 0.65061628454
544 -0.75263661867 -0.18424017749 0.64345869058
545 -0.77224046992 -0.42289638571 0.47676185314
546 -0.045469662053 -0.88742361728 0.46745283987
547 -0.2005410373 -0.8484503207 0.49224769869
548 0.26860863478 -0.89959492677 0.34351530693
549 0.76952246892 -0.5608657326 0.30260251824
550 0.33846200019 -0.85722568945 0.38963097661
551 0.95354574106 -0.23591294766 0.18833121449
552 0.31715991852 0.76534051629 0.56069697403
553 0.50168605286 0.63788677263 0.58377348356
554 0.35053791823 0.71430409015 0.6070050218
555 0.59308996363 0.53016075412 0.60643412324
556 0.70845584619 0.22243336806 0.67094926758
557 0.70171707078 0.31162232243 0.64073526019
558 0.63367910025 0.37630258208 0.67624573491
559 -0.52807111246 0.66040499884 0.53407774604
560 -0.60124924065 0.62589509613 0.49699839902
561 -0.72810788433 0.51095256924 0.45549113217
562 -0.67650139487 0.5509721716 0.48864430844
563 -0.54924402654 0.60877361452 0.57366600983
564 0.23348979384 0.780958293 0.57926992823
565 0.17467330242 0.76251862414 0.62349954965
566 -0.13900883455 0.77527439155 0.61676115506
567 -0.046730706478 0.81023356013 0.58425898564
568 0.087582994931 0.82848316633 0.55354648202
569 0.014435733485 0.84099079109 0.54024412544
570 0.10799452491 0.79315896377 0.59874376919
571 -0.21287325863 0.77551555516 0.59275631104
572 -0.40630581301 -0.77847959551 0.48481030177
573 -0.29210965164 -0.86797123304 0.40388628419
574 0.16060901953 -0.90791317474 0.39214147776
575 0.64310686601 -0.65820510106 0.39084744265
576 0.69276226047 -0.59913570703 0.40189852842
577 0.58106797861 -0.69978001921 0.41691107446
578 0.79427274096 -0.40213515546 0.46279745564
579 0.27603796506 0.71899591207 0.638261329
580 0.43645397561 0.68565825134 0.58351533488
581 0.47473901453 0.6119821058 0.63297281173
582 0.53662235684 0.5320897185 0.65625031151
583 0.66767924897 0.20605099158 0.7165184667
584 0.58173723162 0.29144461429 0.76089532219
585 0.67330310415 -0.041821035971 0.74190002392
586 0.70275494128 0.1061220682 0.70420675862
587 -0.36934539874 0.68225497364 0.63244761288
588 -0.63129933122 0.57001759744 0.52586515037
589 -0.59275545283 0.56062319123 0.57822777177
590 -0.76097062803 0.27324326338 0.59457325808
591 -0.69435021544 0.38894260831 0.60788644928
592 0.043156188695 0.80556615301 0.59173312949
593 -0.011856617097 0.77675645559 0.63006978329
594 0.10064204741 0.75646823582 0.64623653705
595 -0.73957970865 0.13902687863 0.66290590772
596 -0.30716605579 -0.80063602577 0.51539550316
597 -0.61822378894 -0.48854881631 0.62322630101
598 -0.48946072798 -0.58705724277 0.64406303804
599 -0.032428881937 -0.80491482454 0.59621970967
600 0.17996102858 -0.80663508335 0.57586269436
601 0.63185407549 -0.62390323985 0.45991227221
602 0.59537614775 -0.59568996899 0.54161114648
603 0.69133748713 -0.52162764902 0.50134956138
604 0.41188323068 0.63271877931 0.65578586651
605 0.45838476771 0.53904469831 0.70854521077
606 0.59862309711 0.055269737079 0.80500196852
607 -0.66099125059 0.46839282823 0.58625182173
608 -0.53705788245 0.54278227027 0.64584430299
609 -0.62579798676 0.50361221402 0.59560103393
610 0.14028474674 0.72317122549 0.67570560932
611 0.1936200965 0.66321148865 0.72689177046
612 -0.078486446196 0.75935945498 0.64582111717
613 0.076454542521 0.70405519975 0.70679998042
614 -0.26644784662 -0.73461270305 0.62668167633
615 -0.36479360345 -0.7225072109 0.58728763785
616 -0.13276483385 -0.79223565382 0.59612808308
617 -0.43287162117 -0.66526379657 0.60886320405
618 -0.63190725309 -0.29655604593 0.71958669251
619 0.3779161615 -0.64267677398 0.68266380956
620 -0.25850543176 0.31807091538 0.91306529835
621 0.81627929951 -0.13579610616 0.56212568497
622 0.25948522378 0.50322830804 0.83043944796
623 0.46222653041 0.28838281136 0.84802059913
624 -0.37678190593 0.54806152245 0.74718652088
625 -0.63116002375 0.34336104395 0.69597930644
626 -0.64215664415 0.26004868421 0.72076367928
627 -0.28151210222 0.5890224154 0.75840869661
628 -0.19906523846 0.65124517642 0.73291202737
629 -0.42856733606 -0.63059949184 0.64722887544
630 -0.35682414929 -0.6819861215 0.63779798667
631 -0.077408673645 -0.71987491253 0.69298093292
632 -0.45079509522 -0.53264276483 0.71700780096
633 0.65060457488 -0.47968519273 0.59051590198
634 0.83909201196 -0.26787037517 0.47323057192
635 -0.57328929699 0.45065330672 0.68504537382
636 -0.56407645426 0.33242705843 0.75664694356
637 -0.59486162732 0.21152455596 0.77591801218
638 -0.078510368325 0.67805098383 0.73169346677
639 -0.073861502485 0.61789067659 0.78399988675
640 0.055757097633 0.55408309235 0.83192060159
641 0.614678599 -0.36221844444 0.70276046626
642 -0.24961779706 0.48320758446 0.83998126562
643 -0.17759665321 0.57218282171 0.80113655356
644 -0.6608037157 0.0045339355073 0.75097021203
645 -0.65035519494 0.10179349196 0.75241740322
646 -0.39305235477 -0.55738293275 0.73137179131
647 -0.31738501345 -0.56237079782 0.76299260269
648 -0.619760474 -0.17927430023 0.76439710377
649 -0.52570729945 -0.40076103724 0.75408118041
650 0.47273730778 -0.48291226949 0.74477245374
651 0.69204827281 -0.38792252734 0.60935054244
652 0.80720148222 -0.24715050055 0.53602607268
653 0.81003243111 -0.053441923962 0.58408372229
654 0.68527949783 -0.31965018972 0.65502843147
655 0.7660420712 -0.23799395599 0.59830610449
656 0.34268661002 0.13647913338 0.93202074653
657 0.42354169731 0.0021739402204 0.90753166589
658 -0.57007158786 0.37753420156 0.73028494463
659 -0.52466637564 0.40572949947 0.74841275538
660 -0.59049610846 0.26326651611 0.76289512673
661 -0.53969802856 0.27923012683 0.79418851734
662 -0.48864899119 0.37070538893 0.78928106464
663 -0.3193578206 0.46394647721 0.8274431043
664 -0.30275065795 -0.63763094748 0.70817116059
665 -0.40873259419 -0.4826479577 0.77527664051
666 -0.6244405189 -0.093628593596 0.77590666935
667 -0.61838048835 -0.042584754227 0.78474746014
668 -0.54767772337 -0.23158192177 0.80406337015
669 0.1340039646 -0.56874531278 0.82227890309
670 0.7311963366 -0.15592148287 0.66667087542
671 0.6062134458 -0.27867872048 0.7469471535
672 -0.40681474932 0.31761780064 0.85913539961
673 -0.54341900807 0.22378294619 0.80908927374
674 -0.54609375067 0.17309429471 0.81963073643
675 -0.55185200257 0.11101058235 0.82648407599
676 0.12487286788 0.31177838472 0.95116647209
677 -0.13747895371 0.48446241946 0.86553373152
678 -0.59155676947 0.0356003209 0.80594187608
679 -0.17062438433 -0.53919310779 0.82205359356
680 -0.3620431813 -0.40264847436 0.84265374142
681 -0.56274873295 -0.17012146076 0.80896089036
682 -0.59279604685 -0.12740442278 0.79432070298
683 -0.45297137125 -0.097053132699 0.8891300053
684 -0.52368516548 -0.15866956069 0.83748848156
685 -0.51525630958 -0.30132748011 0.80213978342
686 -0.43148390362 -0.29428901625 0.85389175809
687 0.52347510017 -0.1721204235 0.83579093699
688 0.33158790725 -0.022980595575 0.94389401376
689 0.23706693255 0.0961250738 0.96788148889
690 -0.46255743211 0.066350280567 0.88359217333
691 -0.49666750687 0.17941238948 0.84980371335
692 -0.14012944161 0.331232734 0.93525265131
693 -0.47636742206 -0.22876823669 0.84949213593
694 0.50232225795 -0.36205869892 0.78614326816
695 0.30624374649 -0.41082652357 0.85875124775
696 0.49704893725 -0.28209300865 0.82101844589
697 0.2511696768 0.030434857084 0.96772834476
698 -0.44922559145 0.15298647104 0.88161379677
699 -0.20795399021 0.26798628089 0.94119900485
700 -0.25553726819 -0.38400710564 0.88701236019
701 -0.29203506492 -0.15676132402 0.94399974034
702 0.016389845719 -0.28616213488 0.95951621524
703 0.37325853221 -0.36504817872 0.85485356663
704 0.18438195385 0.0011536064939 0.98342650114
705 -0.33510541359 0.24370772771 0.91026828997
706 -0.30794862339 0.14705261281 0.94225048154
707 -0.13139969619 -0.30944830192 0.94496546533
708 0.42649873663 -0.22222503001 0.87693550328
709 0.11423826019 -0.026749956273 0.99365022565
710 0.0672892407 0.033478054779 0.9976204689
711 -0.18584851062 0.052298790568 0.98072796474
712 -0.18884988261 0.17078767305 0.96654353055
713 -0.22514207249 -0.25133706377 0.94249257533
714 0.35313747813 -0.24323974177 0.90430856567
715 0.39350286832 -0.13656190683 0.91067530529
716 -0.018441311944 0.082685997917 0.99629542396
717 -0.089219458689 0.14447755894 0.98610987238
718 0.0057459092855 0.16157372688 0.988046681
719 -0.14521946661 -0.12686959842 0.98219953008
720 0.09527893265 -0.16201219058 0.98426556744
721 0.22820939745 -0.30943562629 0.92541593582
722 0.24406771398 -0.12742208678 0.96233967975
723 0.31419395376 -0.092579430288 0.94488582405
724 -0.45697500103 -0.15291632748 -0.87639350289
725 -0.39469158076 -0.15002639128 -0.90632552235
726 -0.45486898715 0.12248776342 -0.88190560267
727 -0.85843110303 0.48081031932 -0.17870710287
728 -0.87888292375 0.46988991772 -0.082102253782
729 -0.90623503164 0.41131432946 -0.097977106464
730 -0.94923329656 0.23458380805 -0.20945865798
731 -0.90793149695 0.39378696266 -0.14360471881
732 -0.83302650601 0.010007507642 -0.55320880703
733 -0.84491566631 -0.076678520979 -0.52899131972
734 -0.45493674731 0.16422646639 -0.87503501339
735 -0.37983243541 0.54531155209 -0.74802575727
736 -0.93081235058 0.16880414179 -0.32303285113
737 -0.8960100505 0.19123900496 -0.40117795963
738 -0.93920196551 0.19476938851 -0.28269140302
739 -0.78615876298 0.011717852496 -0.61791850794
740 -0.63503211117 0.75245754193 -0.17762229231
741 -0.77436348666 0.62451143114 -0.10593442985
742 -0.84228796067 0.51879213185 -0.14645137629
743 -0.85207356571 0.51431301742 -0.096902602282
744 -0.056942745021 0.97994150505 -0.18913763979
745 0.33897802464 0.8928050005 -0.2966437064
746 -0.093798763208 0.992580592 0.081341903479
747 -0.12935290665 0.99109487333 0.030873947827
748 0.56481838329 0.21666236907 -0.79625456502
749 0.4041186773 -0.26700505076 -0.87489898446
750 0.49367139929 -0.1463801658 -0.85769563727
751 0.65681771305 -0.14167850789 -0.74120787393
752 0.2229560019 -0.35817151992 -0.90634059069
753 0.20115353921 -0.39410568851 -0.89678395073
754 0.24879959589 -0.3906918065 -0.88626423796
755 0.26361973418 -0.4265145879 -0.86523581546
756 0.29662007642 -0.36950366142 -0.88036652227
757 0.31473325655 -0.54564338677 -0.77590901439
758 0.44174503548 -0.27093724203 -0.85524843896
759 0.56635053919 0.4191719468 -0.70926414469
760 0.57765133542 0.53843529775 -0.61478456848
761 0.85827675987 -0.22819156275 -0.46024164591
762 -0.14520497986 0.72061644817 0.67902022196
763 -0.94768594766 0.0011515261718 -0.3192067854
764 -0.92923742943 -0.08190484764 -0.36027522407
765 -0.90990892617 0.0010795259721 -0.41479325576
766 -0.92491211669 0.082416361293 -0.37103882307
767 -0.90312777519 -0.035707090584 -0.42720489196
768 -0.91428043407 -0.10287806757 -0.39181375959
769 -0.38775105747 -0.84747807534 -0.36373843585
770 -0.35807412516 -0.91568031328 -0.18430913288
771 -0.10355147163 -0.97206367746 0.21115690432
772 0.17549556231 -0.98248441606 0.062516550264
773 0.31114853061 -0.85725296924 -0.41024009644
774 0.31526836709 -0.89894852244 -0.3041563185
775 -0.010457217869 -0.75241639866 -0.65920609549
776 -0.095355118612 -0.80885465686 -0.58017679371
777 0.16135046968 -0.98589163498 -0.050795142474
778 0.32615904397 -0.82972027379 -0.45340476999
779 0.39819606933 -0.80379291134 -0.44280579998
780 0.25988742106 -0.8084844017 -0.52801890909
781 0.42076011882 -0.86457754804 -0.27570626714
782 0.37451674213 -0.8583855134 -0.35056255779
783 0.2111599864 -0.97485090437 -0.071253193341
784 0.24449250941 -0.96118809598 -0.12976689723
785 0.20746726667 -0.96445223724 -0.16370258703
786 0.26628826728 -0.95874287853 0.099604255149
787 0.21535174703 -0.97259252932 0.087681921282
788 0.18040570095 -0.97662408222 -0.11697632778
789 -0.032489552176 -0.95780544326 0.28444765375
790 0.026556082184 -0.9607594825 0.27644418977
791 0.05851442244 -0.97732465861 0.20351655872
792 -0.42775217572 -0.60164628266 0.67460611257
793 -0.38767833669 -0.6186357884 0.68277221041
794 0.43395639047 -0.30740170295 0.84676208007
795 0.73167435254 -0.31615452793 0.60387524219
796 0.64402623436 -0.59095417748 0.48648336723
797 0.32094886994 -0.89741272668 0.30151931921
798 0.11219839705 -0.97153141914 0.20875061332
799 0.25414680899 -0.96656531458 -0.019755773097
800 -0.46990883522 0.48431159474 0.73817009397
801 0.96302794821 -0.26773854747 -0.022512809711
802 0.76252040109 0.12739007443 0.63591326708
803 0.20957078096 0.73618627941 0.64408396289
804 0.26540845065 0.74983931869 0.60609714576
805 0.016950551939 -0.056153574883 0.99727174697
806 -0.39409336722 -0.22206408432 0.89168432359
807 -0.57702070903 -0.039999990079 0.81540719405
808 -0.62669561428 0.031425814465 0.77892542531
809 -0.60393332886 0.098815440189 0.79086777598
810 -0.48091535967 0.23519647902 0.84464240253
811 -0.64829335335 0.58595515162 0.48622029664
812 -0.8360434313 0.51295242159 0.19476671743
813 -0.75700445265 0.50611265529 0.41301746378
814 -0.76357802421 0.55266882116 0.33395029007
815 -0.71936196006 0.5567571292 0.41451384089
816 -0.76666171944 0.56581517951 0.30249792643
817 -0.81223850922 0.54679803127 0.20314227619
818 -0.78038981649 0.56663905226 0.26444145365
819 -0.82952174603 0.53750787914 0.14961804728
820 -0.78845123069 0.53932877502 0.29579156722
821 -0.74530399746 0.64851255124 0.15484585497
822 -0.58583446462 0.48874534927 0.64664223244
823 -0.462817142 0.66264970594 0.58840408696
824 -0.61105730024 0.29580166709 0.73423543124
825 -0.024004338626 0.99971323328 0.0068013024457
826 0.36890514927 0.91743038807 -0.15163094904
827 -0.53163505554 0.77933116786 0.33062824318
828 -0.26208958781 0.96093778183 -0.089184245138
829 -0.21865572958 0.97323685566 -0.070777516889
830 -0.54132703746 0.82777765845 -0.14752495098
831 -0.28515772105 0.94469254438 -0.16336461438
832 -0.5887010301 0.80723026 -0.039667023827
833 -0.51850204747 0.84901528323 -0.10006959853
834 -0.60986870769 0.79252219919 -0.00076080572561
835 -0.64475147913 0.75886736851 -0.091457812052
836 0.0094915846209 0.63888329362 0.76955874686
837 0.179562321 0.81408981489 0.55299200212
838 0.34672785849 0.83194004928 0.43375984657
839 0.65948993173 0.30946038739 0.68477691909
840 -0.59951177937 0.41349355318 0.68529017701
841 -0.065031157968 0.91675142893 0.39466908109
842 -0.068275472125 0.89580406824 0.43920216706
843 0.0080233727512 0.72559399621 0.68868931035
844 -0.17932107433 0.8840075439 0.43167241873
845 -0.44537798139 0.71653780947 0.53728965663
846 -0.68620456733 0.50393338892 0.52422217608
847 -0.63340454955 0.53431653862 0.55974084997
848 -0.49638763636 0.72706025414 0.47429831838
849 -0.49970655735 0.76654527637 0.4033461778
850 -0.62811298912 0.41561031386 0.65738309519
851 -0.6341731562 0.45722062552 0.6235531644
852 -0.65993621332 0.53215138102 0.53039646256
853 -0.58610008467 0.52714888492 0.6153058419
854 0.48427051241 0.8561975909 0.18108020141
855 -0.61325075167 0.77740529877 0.13608280551
856 -0.78914452677 0.60208001449 0.12273550647
857 -0.9608322951 0.0018137499188 -0.2771107184
858 -0.91861853936 0.050456785127 -0.39189146438
859 -0.95232523117 -0.036920071889 -0.30283108099
860 -0.59903455248 0.78430362614 0.16137124656
861 -0.74254797024 0.63175264181 0.22240165646
862 -0.58809249682 0.8081941761 0.031106765731
863 -0.56745502369 0.82341576592 0.0011095679824
864 -0.47139762223 0.79298066576 0.38589214431
865 -0.54679543082 0.82828260903 0.12455410452
866 -0.6623724557 0.50399738614 0.55427944358
867 -0.48970689588 0.7522254797 0.44084151779
868 -0.57317728434 0.69913705753 0.42742466332
869 -0.22456451122 0.83598241077 0.50009443838
870 -0.89127734414 0.43796577708 -0.11755016428
871 -0.88793935204 0.45692650423 -0.048334513113
872 0.57137315344 0.76716962664 0.29053146673
873 -0.12937333789 0.71274215947 -0.68938871319
874 0.72966568097 0.35446160802 0.58474418495
875 -0.026226540435 0.064276012765 -0.99660939601
876 0.0030973605858 0.071012742255 -0.99664213869
877 0.2352510486 -0.40932531544 -0.88122593648
878 0.45328800794 -0.2252150039 -0.86172213839
879 0.44534496529 -0.19001111251 -0.8742299727
880 0.43265580855 -0.24451662039 -0.86723265399
881 0.48242882263 -0.26321999357 -0.83482576231
882 0.50614291251 -0.22432953881 -0.83231767464
883 0.47506639162 -0.19713011767 -0.85673524208
884 0.49653874016 -0.20412556845 -0.84309461274
885 0.49843619975 -0.24767192289 -0.83038954904
886 -0.79842584684 0.013898333144 -0.60159867577
887 -0.82963446485 -0.034613901147 -0.55624814616
888 -0.82089784096 -0.013151553921 -0.57032295305
889 -0.79861937501 -0.011181249548 -0.6009415676
890 0.49785558811 -0.2785579074 -0.82098790357
891 -0.85105491823 -0.0057498218782 -0.52419280167
892 -0.86233579848 -0.039972199021 -0.50392823667
893 -0.83945231877 -0.013685103475 -0.54260647196
894 -0.85892246967 -0.021371803602 -0.51105792143
895 -0.90980628372 0.1361341635 -0.39041518476
896 -0.92037522725 0.11157985521 -0.37301134064
897 -0.88250392071 -0.023283096046 -0.46906862622
898 -0.87565071893 -0.073529780723 -0.47644361056
899 -0.88595170438 -0.06142890214 -0.45881829515
900 -0.86574288784 -0.062798737809 -0.49578086544
901 -0.88720360136 -0.038405493317 -0.45912104639
902 -0.87306932549 -0.026196551921 -0.48645449303
903 -0.91841939019 0.18992623714 -0.345471663
904 -0.25740573376 -0.78725643497 -0.56021917538
905 -0.92233908364 0.14390864914 -0.35715236107
906 -0.93357864999 -0.018683444237 -0.35682537679
907 -0.91936698821 0.002927548078 -0.39263890302
908 -0.92853485262 -0.044464351557 -0.36761695879
909 -0.90707910498 -0.062423550699 -0.41518974815
910 -0.92398744247 -0.064345546048 -0.37617146917
911 -0.91432319084 -0.022853359242 -0.40343048502
912 -0.91650894479 -0.074832156013 -0.39194073694
913 -0.94259743226 -0.064175390675 -0.32651445534
914 -0.9430090987 -0.020495466243 -0.33118649435
915 -0.93378483959 -0.06202365315 -0.35172071369
916 -0.94532874046 -0.039531265274 -0.32299864215
917 -0.89667265143 -0.055037448117 -0.43861453327
918 -0.92698850191 0.2012461803 -0.31565474997
919 -0.93268935005 0.20833544308 -0.29379509177
920 -0.95696469162 -0.065314533577 -0.28022816849
921 -0.95370256681 -0.10357752934 -0.28016863307
922 -0.94510766474 -0.11719461449 -0.30335371466
923 -0.93805002211 -0.084056585166 -0.33506896572
924 -0.93764435044 -0.1081103054 -0.32894267933
925 -0.94959392298 -0.06156419729 -0.30634689419
926 -0.94532638976 0.21312020809 -0.24505193991
927 -0.9518902357 0.21143411844 -0.22027670879
928 -0.94687457017 0.19152690867 -0.25689308131
929 -0.9376537851 0.21636268794 -0.27085026163
930 -0.95969599982 -0.040670408176 -0.27671235529
931 -0.95194761677 -0.13456382113 -0.27365964035
932 0.34657957605 -0.85937382879 -0.37476435021
933 -0.64010879547 0.75834279174 -0.11953112962
934 -0.62290483816 0.77710727698 -0.085428115803
935 -0.63162997612 0.76822227856 -0.10227107358
936 -0.874235872 0.47300990887 -0.10650178648
937 -0.82713850055 0.5538965816 -0.090787883721
938 -0.83660088728 0.53637073092 -0.10735430215
939 -0.85023424905 0.52012121694 -0.074390305974
940 -0.88804655051 0.45244413696 -0.079066447371
941 -0.89424376071 0.43648206664 -0.096790402617
942 -0.56778913509 0.82071199016 0.05770143794
943 -0.60550814372 0.79318599023 0.060622620421
944 -0.61659751351 0.78634681042 0.026117295619
945 -0.60570940807 0.79418279888 0.042051081347
946 -0.59543113588 0.79784786633 0.090816179431
947 -0.58789123246 0.80719736745 0.049678304805
948 -0.57335781059 0.81437108875 0.086395762945
949 -0.58556291372 0.79928290753 0.13224185342
950 -0.58109897836 0.80601839627 0.1089620985
951 -0.57111868147 0.80067190606 0.17862179033
952 -0.58360910404 0.79661667063 0.15612851127
953 -0.49919888193 0.82789407496 0.25369839411
954 -0.48298804584 0.84218320591 0.23805950367
955 -0.7786805954 0.5921204975 0.20571424948
956 -0.036648994845 -0.97516247476 0.21579866583
957 -0.501488128 0.77827839091 0.37675716507
958 -0.80099610272 0.54960661561 0.23547162041
959 -0.80052143938 0.55999978053 0.21250280476
960 -0.79390702923 0.57238500267 0.20429898636
961 -0.021297531894 -0.96867507968 0.2453800237
962 0.055470308537 -0.96891266592 0.23844263207
963 0.019162479599 -0.97705340055 0.21121317298
964 -0.47814915643 0.77434048255 0.41367061204
965 -0.46399468887 0.78755817725 0.40494359529
966 -0.77118904433 0.52639061777 0.35666594624
967 -0.16799741339 0.86628560647 0.46955788975
968 -0.18865954373 0.84154069971 0.50518848145
969 -0.5407362996 0.70949496987 0.45092380535
970 -0.51591275334 0.74791630505 0.41673531763
971 -0.70004826038 0.5219194432 0.48677086083
972 -0.6682188041 0.54156177631 0.5095203855
973 -0.60927671979 0.53211770262 0.58691440285
974 -0.62960126816 0.51896437632 0.57767094195
975 -0.62802154011 0.48156962487 0.61069451539
976 -0.61093727419 0.49736791516 0.61541157225
977 -0.64408522123 0.50380480008 0.57494023876
978 -0.0078453680368 0.039428343814 -0.99806260055
979 -0.86547824473 0.49210146757 -0.089502428032
980 -0.88508013395 0.4539278474 -0.099826209028
981 -0.89875618789 0.42464005327 -0.10776363537
982 -0.89960442054 0.41587636987 -0.13057744154
983 -0.93350111737 0.18768012573 -0.30455106122
984 0.22497656755 -0.3923987475 -0.89152409435
985 -0.95000558942 -0.017884272859 -0.31101893319
986 -0.92175893175 -0.092391457605 -0.37604449183
987 -0.92883175776 -0.10595856788 -0.35414893768
988 0.3379333749 -0.85054156205 -0.40195214023
989 0.3557110083 -0.83313550411 -0.42233563433
990 -0.82100712828 0.54164170726 0.17834446795
991 -0.80562409908 0.55918325341 0.19493845779
992 -0.26141148853 0.95670762594 -0.12576526484
993 -0.59898060225 0.80035818764 0.015172980003
994 -0.588457036 0.80810557342 -0.00081218188439
995 -0.48555208979 0.77976297106 0.39461916106
996 -0.49470672661 0.75938537803 0.42209384779
997 -0.61455538172 0.45695372637 0.64263988684
998 -0.61316082754 0.47532532601 0.63050505371
999 -0.66115433451 0.51807438358 0.54233795307
1000 -0.95657876313 -0.017553160985 -0.28997089969
