1 0.051524290954 0.023701009101 -0.99757594189
2 0.2508181914 -0.064208312513 -0.96943781074
3 0.079342175212 0.16853134707 -0.98420745379
4 0.37878180506 0.11210539862 -0.92249526856
5 -0.060004375236 0.10186244245 -0.99316229185
6 0.15051937453 0.30701410093 -0.9430624077
7 0.20777659768 0.10984014645 -0.97211799139
8 0.46114726439 0.006616697471 -0.88696169299
9 -0.1007292304 0.30271652141 -0.95554023425
10 -0.054589244241 0.01156444003 -0.99765161914
11 -0.20289984435 0.047738448851 -0.98213731135
12 0.5384487265 0.023509456534 -0.84270328263
13 -0.088120734606 -0.16771163295 -0.98463664553
14 0.073251339346 -0.17177376387 -0.98737404773
15 -0.031129890421 0.49764662642 -0.87331689054
16 0.27918421338 0.38511755405 -0.88264696015
17 0.35962060642 0.25209048554 -0.90316398736
18 0.6215793098 -0.069968743766 -0.78094815854
19 0.61040023357 0.048400495229 -0.79062212728
20 0.66782824626 -0.020605634488 -0.7448718251
21 -0.33853740459 -0.027267146261 -0.9420325178
22 -0.35709121821 0.12256154764 -0.92710433895
23 0.53040386739 0.10336026773 -0.84135304924
24 0.59368467651 0.11184969324 -0.79688599346
25 0.72461811709 0.070831069586 -0.68753162286
26 -0.30495819966 0.26387652861 -0.91790150387
27 -0.43112338492 0.08107073493 -0.89863798577
28 -0.40620121257 0.027092764009 -0.91378104627
29 -0.28439711767 -0.17332019031 -0.94544865444
30 0.17464225137 0.51630262311 -0.84216468661
31 0.56464039343 0.16827201673 -0.8074353148
32 0.51737187454 0.22941493767 -0.82423964245
33 0.63516652502 0.1416725567 -0.76082564884
34 0.81470128259 -0.014643604645 -0.58711505362
35 -0.29413362794 0.44018299223 -0.85040723574
36 -0.43015700867 0.13792020471 -0.89214589271
37 -0.058272572262 0.61739746364 -0.78387479553
38 -0.05687072021 -0.41737866441 -0.91192789472
39 -0.19202698492 -0.2956017141 -0.93705169491
40 -0.44496701691 -0.098362914321 -0.89044270408
41 -0.47233467258 0.061886345 -0.87954629109
42 -0.42650959747 -0.22334403013 -0.87695839389
43 -0.38594397833 -0.33377007895 -0.85981032007
44 0.21669089047 -0.27177952545 -0.94003345202
45 0.15409304718 -0.35584741013 -0.9219086498
46 0.56622463568 0.3061169078 -0.76529365169
47 0.41709401096 0.41865092312 -0.80827749399
48 0.50662423976 0.29642380858 -0.80965370778
49 0.67997348578 0.21767503895 -0.70141774174
50 -0.4234780187 0.37046386577 -0.8277111917
51 -0.44447165606 0.22329558952 -0.86757287272
52 -0.49826311099 0.16374488372 -0.85055794398
53 -0.22489358207 0.56903699127 -0.79143442484
54 0.068567872323 0.69122797904 -0.71977399175
55 -0.21670833319 -0.45699972173 -0.86224665047
56 -0.55163503509 0.11711742947 -0.82656448149
57 -0.65374878411 -0.010770904945 -0.76133563216
58 0.046817060375 -0.55001322499 -0.83682561242
59 0.35270757653 -0.21968505616 -0.90839453911
60 0.13149084711 0.68568386193 -0.71527771827
61 0.47249805858 0.49485338006 -0.7303326301
62 0.35540340297 0.55997863849 -0.75142209747
63 0.62183324161 0.32749713756 -0.71256885575
64 0.56831001263 0.34850716155 -0.74507291614
65 0.51971465931 0.37146372334 -0.7697035149
66 0.79858587867 0.18267884731 -0.57723592674
67 -0.3355789418 0.51918281374 -0.78615228558
68 -0.37153604541 0.45766848868 -0.80724394605
69 -0.47126875879 0.25906213837 -0.84345853731
70 -0.45113662223 0.30593905198 -0.8383828001
71 -0.54382183102 0.2453704498 -0.80200328978
72 -0.54947209597 0.19821981713 -0.81169650333
73 -0.6315519675 0.12474604541 -0.76562632428
74 -0.17813711942 0.62538504098 -0.75971917699
75 -0.2235477189 0.62973142841 -0.74331819004
76 0.081696334363 0.75023721352 -0.65609245735
77 -0.055934029526 0.70339526345 -0.7093825917
78 -0.53429372758 -0.054228244316 -0.8429450306
79 -0.29512421083 -0.40416971674 -0.86596325665
80 -0.48188625941 -0.24700857526 -0.84073556774
81 -0.396922523 -0.42295950412 -0.81554457454
82 -0.44558135146 -0.2891709021 -0.84725696204
83 -0.43715000025 -0.33258936269 -0.83590759388
84 0.18590646498 -0.45154282624 -0.87333066542
85 0.42039133629 -0.15827506089 -0.89343173868
86 0.1627212602 0.63486782453 -0.75808989174
87 0.23457614516 0.71752796818 -0.65660263319
88 0.15255252663 0.74438847834 -0.6506291612
89 0.54326889768 0.50217269361 -0.67298223713
90 0.7182751728 0.36223311149 -0.5995179962
91 0.92351926208 -0.20525399138 -0.32493149182
92 0.90588660125 0.093622620378 -0.42227483493
93 -0.31339784191 0.62423443265 -0.71583135723
94 -0.41417519114 0.5760680372 -0.70507638597
95 -0.46535557447 0.34676191444 -0.81437157208
96 -0.49421925617 0.31076887854 -0.81190285592
97 -0.60064225144 0.25267025602 -0.75695105339
98 -0.42071209539 0.47572086585 -0.77185248144
99 -0.59306074966 0.20661314204 -0.77848496983
100 -0.69511446927 0.074637346446 -0.71473337541
101 -0.67461946849 0.15417905183 -0.72200889616
102 0.14664998075 0.81562031097 -0.56257754195
103 0.035053057691 0.79342850901 -0.60854286341
104 -0.25200455475 0.71227341198 -0.65820568557
105 -0.08995904012 0.78569108909 -0.61504956133
106 -0.32631350969 -0.47806854989 -0.81546120301
107 -0.28167314287 -0.51300757014 -0.81085637246
108 -0.57920686177 -0.20272662574 -0.79193208179
109 -0.73786999048 0.086630183563 -0.66937647119
110 -0.48712884503 -0.37039368812 -0.79099954922
111 0.35137421868 -0.36406676167 -0.86297289867
112 0.23290620431 -0.46963932477 -0.85128482795
113 0.011798144823 -0.68228311858 -0.73264168515
114 0.18982263895 -0.5352046235 -0.82344062068
115 0.16425378399 -0.61717098017 -0.77037452943
116 0.38411291053 -0.079577097944 -0.92088626866
117 0.42356658161 -0.21809599875 -0.87921686902
118 0.50731303537 0.57570210034 -0.64127127268
119 0.19132284404 0.77535555796 -0.60186284154
120 0.36473858081 0.76794385007 -0.52538570201
121 0.60544224237 0.44293966262 -0.66157777529
122 0.83273720135 0.30779867618 -0.46553146401
123 0.55351340228 0.44626731722 0.70260771017
124 -0.3820845184 0.64114698072 -0.66590385111
125 -0.52340200266 0.37224631265 -0.76545780651
126 -0.61704489027 0.37612512346 -0.69448617518
127 -0.50570056433 0.46109455885 -0.72987042846
128 -0.67944581492 0.2180050352 -0.70090125853
129 -0.73100067954 0.13321778029 -0.66982806259
130 -0.7272585286 0.2879013579 -0.62636142151
131 0.011676042174 0.83695205607 -0.54610502908
132 -0.055271677908 0.8935515599 -0.45252402163
133 0.088830901576 0.87000143177 -0.48339925344
134 -0.32716170773 -0.56142233544 -0.76161655331
135 -0.13269917892 -0.58177148842 -0.8053249141
136 -0.25238706852 -0.58956223751 -0.76726574301
137 -0.43906260649 -0.6070651823 -0.66936917368
138 -0.8152612913 0.19648080226 -0.54807041037
139 -0.77196964227 0.10009547611 -0.62772644323
140 -0.70838529879 -0.32266608805 -0.63357312034
141 -0.42781383545 -0.45248254732 -0.78261197426
142 -0.57560038981 -0.39211152638 -0.72067512082
143 0.41733199705 -0.39090160748 -0.82056796475
144 0.28123839977 -0.50377011526 -0.81692293295
145 0.34880067818 -0.41500739565 -0.84019610032
146 0.32963524139 -0.49158663769 -0.80583085396
147 0.24076872152 -0.60740688754 -0.75797863426
148 0.16427903875 -0.69055116431 -0.7046175353
149 0.48300943427 -0.23233400906 -0.84422740777
150 0.69158042341 0.52914828294 -0.49933239457
151 0.51622252278 0.61081871577 -0.60034972178
152 0.41678305162 0.69918663915 -0.58147054932
153 0.42605989087 0.62414680336 -0.65578581622
154 0.24202707653 0.82113307706 -0.51640789591
155 -0.44694669667 0.71653061127 -0.53634986785
156 -0.52040549406 0.58921406933 -0.62228846185
157 -0.37288245027 0.74167491099 -0.55755076041
158 -0.20901461613 0.82764736678 -0.52493476153
159 -0.23299989062 -0.66165045203 -0.71499255078
160 -0.12603107056 -0.70917226055 -0.69479239823
161 -0.34636032245 -0.72630079104 -0.59190441185
162 -0.33937376493 -0.28932352941 0.89618515215
163 -0.80111054529 0.059926783823 -0.59550026262
164 -0.70883492307 -0.16406185656 -0.68859471294
165 -0.8106929307 0.016078813792 -0.58527884359
166 -0.81299795668 -0.041946549083 -0.5808721607
167 -0.77033035351 -0.042106849499 -0.63627385909
168 -0.50610732688 -0.66718762317 -0.5525738835
169 0.4654105196 -0.32342439277 -0.82451208242
170 0.53767102627 -0.44069276407 -0.72458653505
171 0.39160119561 -0.58387611477 -0.7143941513
172 0.38064749735 -0.51503598027 -0.76773038576
173 -0.38664510746 0.48998478716 -0.78130738359
174 0.23762039685 -0.70677506102 -0.66759978783
175 0.53894166969 -0.069555901431 -0.83988493152
176 0.52362989674 -0.21662053914 -0.82339976746
177 0.52479060122 -0.28938079805 -0.80100479983
178 0.54893130548 0.64380968524 -0.5349842393
179 0.47630103943 0.65050548516 -0.59159894353
180 0.25251048554 0.85777026114 -0.44821312814
181 0.2901555589 0.8417648472 -0.45532161305
182 0.43601830429 0.72667521303 -0.53132857939
183 0.76570086453 0.44102857132 -0.46822346671
184 0.80209853448 0.41034283739 -0.43393239754
185 0.89523362724 0.31894306374 -0.31402530288
186 0.96229975257 -0.018314413994 -0.28066315496
187 -0.40275371457 0.76468123759 -0.50299247711
188 -0.68423498095 0.46315867159 -0.56487382344
189 -0.59646746578 0.6307244434 -0.50100702264
190 -0.81858306327 0.33148363809 -0.47541380401
191 0.12791856125 0.90789168608 -0.40293321292
192 -0.3305769276 0.84083047659 -0.43137655252
193 -0.20109677799 0.90621259088 -0.37756388903
194 -0.078260894712 -0.76689754903 -0.63632445949
195 -0.049731142791 -0.78781456697 -0.61392698221
196 -0.87879241527 0.10571019548 -0.46491906451
197 -0.86715576885 0.012388158403 -0.49828748713
198 -0.84818894266 -0.035147450701 -0.52853166507
199 -0.80438749853 -0.11714873607 -0.58335056698
200 -0.66917319844 -0.51238771349 -0.54756151795
201 -0.0081729719531 -0.80766848378 -0.58873670092
202 0.47431343414 -0.68126070628 -0.56442816525
203 0.35896986468 -0.72559675564 -0.58649297188
204 0.1438872173 -0.74371336666 -0.65302768518
205 0.29406708448 -0.75004140487 -0.59242914789
206 0.57864714229 -0.037301597079 -0.81476744218
207 0.60325422865 0.68243695113 -0.41590342568
208 0.50011191843 0.69429207537 -0.51751239078
209 0.43673481352 0.7549115337 -0.48993198498
210 0.29671749243 0.86641857185 -0.40120447697
211 0.64190581646 0.6790826781 -0.35767242165
212 0.77535771535 0.51238114339 -0.36799007893
213 0.84541506054 0.43882502884 -0.30361547224
214 0.95070197187 0.12273138481 -0.28266426772
215 0.9129348114 0.22786788865 -0.34072186466
216 0.96089286907 0.22803461215 -0.17399666512
217 -0.51415734834 0.7409890599 -0.43613862862
218 -0.44821923666 0.79553266357 -0.40793650501
219 0.2812290854 0.89681559154 -0.3422156431
220 0.021067995673 0.96020200362 -0.28831678512
221 -0.20573485479 -0.7425258832 -0.63708542063
222 -0.2919624284 -0.76183777429 -0.5788813698
223 -0.15069858893 -0.78531187724 -0.60049047853
224 -0.099430217317 -0.860533943 -0.50136813095
225 -0.80240848139 -0.24256833857 -0.54840406254
226 -0.90784242732 0.10380536957 -0.40627416433
227 -0.89452896566 0.046185062318 -0.44463136347
228 -0.8764826543 -0.04479694734 -0.47932480827
229 -0.88852518712 -0.0017692447527 -0.45881244418
230 -0.87912463597 -0.11101613772 -0.46343737453
231 -0.72252956666 -0.59469372571 -0.36399709473
232 -0.81426700724 -0.40896019911 -0.42165733827
233 0.12725364703 -0.84916752907 -0.51094094032
234 0.58538031047 -0.5507668972 -0.60042030648
235 0.19167030146 -0.78890211056 -0.58499262242
236 0.21457992547 -0.7525515224 -0.62356180715
237 0.30501157915 -0.78296186831 -0.54215023324
238 0.6354575294 -0.2603522875 -0.72778751704
239 0.38478697985 0.81553422198 -0.43190278205
240 0.3237264846 0.87201982745 -0.36772627466
241 0.43513554789 0.83397552258 -0.33961403475
242 0.82380410621 0.51101355801 -0.24537707724
243 0.7385931688 0.58559576942 -0.33361800196
244 0.88160769651 0.40951194859 -0.23466723607
245 0.99298431738 0.050837480172 -0.13592591085
246 -0.41089705404 0.84086017107 -0.35245570521
247 -0.45763116761 0.8144470405 -0.35668667433
248 -0.73795577683 0.49105161201 -0.46092488576
249 -0.68824638209 0.65350284707 -0.32906086258
250 -0.82478919726 0.42212116006 -0.38020087195
251 -0.89411036014 0.26342818419 -0.36370946521
252 -0.33895976157 0.91391998939 -0.22498994694
253 -0.16337634483 0.9677647004 -0.19598631918
254 -0.57016808865 -0.74762030647 -0.34114368511
255 -0.4704528329 -0.77866313939 -0.4173261121
256 -0.26418854346 -0.74369606026 -0.61475614668
257 -0.19628843982 -0.78840776176 -0.58251531593
258 -0.31035040378 -0.78201887163 -0.54049028088
259 -0.21741361846 -0.81091481213 -0.54201688838
260 -0.38077944797 -0.78697698035 -0.48630472482
261 -0.91177014011 0.16846295743 -0.37455620519
262 -0.93290802717 0.11935434085 -0.33974851696
263 -0.91433609039 -0.14389524637 -0.37769545561
264 -0.94591818038 0.044055076696 -0.32227959836
265 -0.92882505024 0.004775570184 -0.37048455027
266 -0.91873745551 -0.046786244456 -0.39206771428
267 -0.93833224974 -0.042142458659 -0.34316620331
268 -0.89542075445 -0.078060856941 -0.43831178202
269 0.017718932429 -0.88058549462 -0.47454246828
270 -0.036669824781 -0.92675875206 -0.38101754763
271 0.39355268257 -0.76607104639 -0.50796465719
272 0.35191821813 -0.78748350008 -0.50632981441
273 0.31047710108 -0.81175278704 -0.49462080558
274 0.70748027903 -0.092433999241 -0.70177848998
275 0.73531831789 -0.18998234906 -0.65113053305
276 0.71311332903 -0.22262213721 -0.66478013358
277 0.6950669657 -0.32720125341 -0.64144830514
278 0.54285284652 0.78468233584 -0.30566809395
279 0.69299125056 0.66971031334 -0.26850709644
280 0.37064799298 0.86449739134 -0.33967505269
281 0.76127867523 0.60244455193 -0.23881167665
282 0.91986711172 0.35010842444 -0.1780585643
283 0.90179409715 0.39910478888 -0.16351593238
284 -0.55704506112 0.78589272007 -0.2690659815
285 -0.47644307164 0.81983407704 -0.31671209849
286 -0.90089894684 0.33434332447 -0.2795123607
287 -0.9179030573 0.25337405316 -0.30542182508
288 0.25744417459 0.94536716745 -0.20809205338
289 -0.43656872084 0.86198208318 -0.26146756512
290 -0.21564291938 -0.88987868131 -0.40737760166
291 -0.28395752908 -0.82992116772 -0.48080404099
292 -0.40308525843 -0.81408037338 -0.41813003436
293 -0.35483231265 -0.81924615872 -0.45048764636
294 -0.49191592288 -0.81079104161 -0.3207817822
295 -0.94893514477 0.13138968018 -0.28541624347
296 -0.95537309298 0.082957873444 -0.28351504726
297 -0.94686261478 -0.086208322692 -0.30986270738
298 -0.9684906696 0.074771836612 -0.23786840917
299 -0.97664700549 0.034940791902 -0.2108163972
300 -0.65300536135 -0.73243889293 -0.20129283792
301 0.0990801044 -0.89585026169 -0.43239388641
302 0.21590307996 -0.89121159693 -0.39911373247
303 0.26324897254 -0.84454869424 -0.46670118254
304 0.72764482369 -0.42097496793 -0.54813356195
305 0.77233160498 -0.23703423076 -0.58932695547
306 0.79426384522 -0.26454442894 -0.54640846344
307 0.37438128729 0.89157942377 -0.25479632524
308 0.63711283455 0.74621809662 -0.19510415298
309 0.4115927306 0.88603948323 -0.21343734751
310 0.38937851815 0.87275435579 -0.29446277992
311 0.79622162052 0.55304061603 -0.24333171492
312 0.86114568921 0.47408959596 -0.18270881166
313 0.73623203318 0.64515781724 -0.20447574775
314 0.80520939944 0.56473820267 -0.18224530439
315 0.89779105301 0.43006069623 -0.097045655512
316 0.92197482977 0.38025383643 -0.07697987245
317 0.95026100929 0.30496775092 -0.067242601532
318 0.99416124929 0.10959489947 0.038949904639
319 -0.39945976084 0.89379632793 -0.20373168959
320 -0.78782483292 0.51744535947 -0.33826305744
321 -0.85493191254 0.45100490054 -0.25568515881
322 -0.9583251463 0.16533320398 -0.23117915366
323 -0.9328112164 0.28645648932 -0.21857900702
324 -0.93610560469 0.23795598736 -0.25900912024
325 0.21757319564 0.97393955316 -0.070253245215
326 0.069887451163 0.97908127121 -0.19554704953
327 -0.37691902476 0.912855895 -0.15689854981
328 -0.22488650557 0.96443847757 -0.14053044283
329 -0.30760506682 -0.85495209295 -0.41856382072
330 -0.5136027539 -0.83806027133 -0.19567088597
331 -0.92873611332 -0.29610434803 -0.24020860908
332 -0.96706676846 -0.044420744463 -0.2505936296
333 -0.96054251884 -0.12094673599 -0.25047455877
334 -0.93882870488 -0.15331874416 -0.30744815184
335 -0.98295492418 -0.11735809323 -0.143627464
336 -0.75549463348 -0.6229805746 -0.21779434596
337 0.65522554928 -0.60811664223 -0.45093884352
338 0.55860024862 -0.73488189705 -0.39122200069
339 0.44103628754 -0.78852220295 -0.42659688286
340 0.27346559777 -0.90575395815 -0.32475786094
341 0.28542773298 -0.87717727419 -0.38551605684
342 0.21382260273 -0.92658364083 -0.308843661
343 0.46821655391 -0.82004170605 -0.32947709325
344 0.32844093291 -0.8749175027 -0.35586451639
345 0.40929482425 -0.83305073667 -0.37212588974
346 0.8015937148 -0.19075523711 -0.56659990448
347 0.38642716921 0.91851395923 -0.087474046179
348 0.76357637012 0.64003144524 -0.10053724597
349 0.54401107787 0.83569445731 -0.096140109941
350 0.86018240844 0.49797975859 -0.10994674078
351 0.81949863591 0.56606924989 -0.095718543745
352 0.87519634504 0.47986125995 -0.061215922732
353 0.98821691324 -0.090041505909 0.13017676625
354 0.98270735943 0.18220332143 -0.023568020035
355 -0.49135354359 0.84908400057 -0.19402721215
356 -0.54630289383 0.81111370359 -0.2088173939
357 -0.45635343775 0.87723749081 -0.14906815912
358 -0.47147927359 0.87678906331 -0.089716024044
359 -0.88176316454 0.42611532234 -0.20420047785
360 -0.91666609396 0.35226487303 -0.18873977231
361 -0.93966417063 0.30657933726 -0.15176917136
362 -0.96382837843 0.20278137013 -0.17227666455
363 -0.95107100298 0.25733411562 -0.17098862442
364 0.11333582877 0.98634396796 -0.11955182533
365 0.037489942042 0.9897736647 -0.13851985907
366 0.14114632142 0.98960360512 -0.01529290189
367 -0.054777930141 0.99479166251 -0.077465163224
368 -0.41100389889 0.90463791474 -0.11268429767
369 -0.34044039242 0.93479392026 -0.10595371331
370 -0.1344420164 0.99061142203 -0.024507760877
371 -0.31898292018 -0.87492021592 -0.36355850844
372 -0.23468508408 -0.93151585546 -0.27570586243
373 -0.10194455054 -0.98003143345 -0.18913184785
374 -0.35105571465 -0.90125523397 -0.2539703817
375 -0.4206154372 -0.86726884677 -0.26948761744
376 -0.97871478638 0.10984246313 -0.1702233532
377 -0.84750027234 -0.50222040222 -0.1855831558
378 -0.95645688302 -0.16725148972 -0.23726041191
379 -0.9954338306 0.0012252955566 -0.10171844018
380 0.076538204875 -0.96441988012 -0.25814956277
381 0.72691392931 -0.63743176382 -0.26838435576
382 0.17507069127 -0.95603712955 -0.23712801836
383 0.25176730801 -0.93340439334 -0.25569518312
384 0.41581435207 -0.85101586938 -0.32072952254
385 0.35463513822 -0.87749434822 -0.3218975125
386 0.34080335567 -0.90178656502 -0.26445579167
387 0.85307703499 -0.16307956769 -0.4956441574
388 0.80732049104 -0.45685768549 -0.38722747792
389 0.87290311335 -0.29264325612 -0.39237262098
390 0.42460776669 0.89808823848 -0.11463693008
391 0.3572609758 0.93327368032 -0.028846077093
392 0.19278006282 0.98120765528 0.0019979782747
393 0.30682970286 0.94774491515 -0.089672970348
394 0.69209206371 0.6958869682 -0.19278676943
395 0.69484072824 0.72588685991 0.011939234705
396 0.82850459433 0.56195025988 -0.013973209173
397 0.86159873151 0.50638416928 0.025412809422
398 0.90285477259 0.42984856441 -0.017941151749
399 0.92916763857 0.36963559128 0.0030319322306
400 0.95942796891 0.27638737402 0.089395702665
401 -0.59134292161 0.78866299038 -0.16873378482
402 -0.61850847311 0.77757718862 -0.11308433511
403 -0.46901098219 0.88261281854 -0.035925231524
404 -0.50604147398 0.86132814705 -0.045125827437
405 -0.82295354267 0.54052107319 -0.1761355186
406 -0.71431837586 0.68269191366 -0.15685308775
407 -0.66170911783 0.73910839486 -0.12597792412
408 -0.88253387993 0.44060995841 -0.16432168899
409 -0.94499139762 0.31883402257 -0.072702044095
410 0.26428222225 0.9650014768 0.032601310544
411 0.045068467101 0.99765695825 -0.04244795386
412 0.057859975086 0.99802346254 0.0019862215283
413 -0.078209676409 0.99693217324 0.0056770477045
414 -0.30662323266 0.95526877002 0.044088279187
415 -0.17572570769 0.98435059664 0.013301101121
416 -0.67408899622 -0.74153175839 -0.040879273997
417 -0.55258088004 -0.83480359312 -0.047894640571
418 -0.38825747868 -0.92228048556 -0.06850816895
419 -0.91012677225 -0.41054032235 -0.059424902131
420 -0.99056136386 -0.14952526987 0.058608053105
421 0.55033450424 -0.80337558438 -0.23936164816
422 0.30730828493 -0.92670249654 -0.21679308493
423 0.26660228121 -0.94494663364 -0.18969758648
424 0.39005162003 -0.90755217758 -0.16437736997
425 0.89715446145 -0.083610784483 -0.43353294052
426 0.90513016863 -0.18107445608 -0.38460174972
427 0.88893086271 -0.22043836786 -0.40151179521
428 0.40326919476 0.9149891481 -0.011574776117
429 0.81474710353 0.57292369934 0.094422441148
430 0.97004912598 0.14299590638 0.20352850976
431 0.96759710212 -0.042861707618 0.24801034036
432 -0.58834005965 0.80471486255 -0.079392786936
433 -0.55039572717 0.83344223108 -0.049440938368
434 -0.62730120322 0.77663736533 -0.057771896493
435 -0.44419533598 0.88839205489 0.11643793924
436 -0.52568666762 0.85067931062 -0.0012564286009
437 -0.86958882026 0.47612990001 -0.13090131917
438 -0.82112820884 0.55842844442 -0.11780600203
439 -0.7129067708 0.69859491757 -0.058928056858
440 -0.67751305754 0.73248645164 -0.066593034591
441 -0.65299379508 0.7573568705 -0.0018566399766
442 -0.8636410725 0.50249411416 -0.039986253916
443 -0.89721017728 0.4349983562 -0.076030640959
444 -0.96921400259 0.22412889912 -0.093128978502
445 0.1122710686 0.99244625435 0.049396612896
446 0.09064383157 0.99110345661 0.097399347997
447 -0.036358202742 0.9973600589 0.057537693004
448 -0.16212258655 0.98230082896 0.097575374815
449 -0.23217616712 -0.96297742173 -0.13199963955
450 -0.13294412582 -0.99156647039 -0.026728781317
451 -0.99663662288 0.10095242683 0.029133550827
452 -0.98296604381 0.023849125506 0.20706956418
453 -0.97643422638 -0.21671048396 -0.044935844803
454 -0.78766850109 -0.61891215435 -0.014414257302
455 -0.86945419028 -0.49935286194 0.030571068923
456 -0.93735101818 -0.3538486118 -0.0027334014596
457 0.14767076908 -0.97545089332 -0.16339236299
458 0.093600336945 -0.99005397696 -0.10927154975
459 0.64303707105 0.41595854368 0.64321453292
460 0.6476566411 -0.75369855017 -0.13704486295
461 0.30873086816 -0.93735462077 -0.16083924371
462 0.30060284754 -0.94990573466 -0.091833923271
463 0.52371650362 -0.84800712257 -0.097886786753
464 0.53258007716 0.84760408093 0.040487926878
465 0.42650055388 0.90300273208 0.051757274799
466 0.37257418794 0.92648694274 0.045259741579
467 0.2794393593 0.95166808861 0.12478531275
468 0.90402272092 0.4034938366 0.1618987649
469 -0.54630735092 0.83622104182 0.048033595868
470 -0.49902676711 0.86570062942 0.039142193869
471 -0.62332631932 0.78017142165 0.052995396964
472 -0.80151930547 0.59351017692 -0.073033345921
473 -0.77570796627 0.62868906671 -0.05506143944
474 -0.83314879226 0.54936471878 -0.063769765417
475 -0.75258335059 0.65933012615 -0.0021946702171
476 -0.69484133521 0.71913272684 -0.0051359266969
477 -0.66712698426 0.74118301968 0.077043941996
478 -0.83141172216 0.55587842967 -0.026706003706
479 -0.87758325418 0.4785132978 0.011057227168
480 -0.90890222982 0.41271612181 -0.039521423192
481 -0.95941246444 0.28366571967 0.051502688251
482 0.14374751652 0.98518877854 0.093335540273
483 0.00039458113333 0.99211685016 0.12075809397
484 -0.049493913566 0.99085454742 0.12549803764
485 -0.10150195874 0.98038355754 0.16837623574
486 -0.29495484424 -0.94250410519 -0.15710953108
487 -0.33002696779 -0.93728885623 -0.11231862326
488 -0.2096760615 -0.97657584827 -0.048584891673
489 -0.7465301974 -0.65688283269 0.14484585209
490 0.056963080927 -0.99849252793 -0.017439217055
491 0.014684429759 -0.99493039235 -0.097345947917
492 -0.031621236613 -0.99869676671 -0.040707977381
493 0.38491707294 -0.92421108809 -0.00019190748482
494 0.45504725656 -0.89039347216 -0.011884469899
495 0.91609957235 -0.28160068577 -0.2848277657
496 0.9295565721 -0.14277065725 -0.33912482586
497 0.89904338319 -0.37498898947 -0.23007295652
498 0.93139069413 -0.23299465316 -0.27989222956
499 0.84116171266 -0.51021725545 -0.19073779639
500 0.9385534264 -0.26829277609 -0.21657426636
501 0.48788775373 0.86799552019 0.096793489064
502 0.39647246259 0.9052381722 0.15931426897
503 0.61449028446 0.76774667845 0.18097805799
504 0.76518010565 0.61363382697 0.19477003575
505 0.6694415603 0.71785233946 0.18976870344
506 0.73340833 0.63610754396 0.24179546248
507 0.91482687827 0.26206497175 0.31759177213
508 0.85411294459 0.43331460738 0.29651753609
509 0.91580355149 0.067446157784 0.39146027441
510 -0.42610251884 0.88771275783 0.17478352307
511 -0.58768996811 0.8062005588 0.068249843879
512 -0.60317230365 0.78949517385 0.11338251498
513 -0.71644161311 0.69159472548 0.093057195223
514 -0.8327788202 0.54721905239 0.086424200006
515 -0.95804511149 0.18985617168 0.23635336937
516 0.085380006194 0.98079109211 0.17871273372
517 -0.28100511086 0.93859943856 0.2085612905
518 -0.57118751348 -0.8113594906 0.14358394072
519 -0.26677772708 -0.96169333884 -0.065925495106
520 -0.12934428714 -0.99103218318 0.033328581509
521 -0.25401819809 -0.96594653786 0.020336790747
522 -0.43539061541 -0.89833761313 0.088844703454
523 -0.93287945168 -0.33121671191 0.15458650196
524 0.086537401059 -0.99518080937 0.049822443187
525 0.16357870716 -0.98641544916 0.015444512686
526 0.21535087586 -0.97668180949 0.012630799016
527 -0.088908645655 -0.9950906177 0.043480255762
528 0.038377798017 -0.99592189947 0.08100418467
529 0.76155216261 -0.65140032752 -0.045870464279
530 0.50424566282 -0.86353353412 -0.005449831701
531 0.61425889818 -0.78992498226 0.02480445884
532 0.38145271638 -0.91865084082 0.10927875147
533 0.96092443411 -0.12361852172 -0.2495171273
534 0.95767166589 -0.25380263461 -0.13943167877
535 0.84897217582 -0.52938198416 0.015276207975
536 0.94895176988 -0.19856090663 -0.24491291187
537 0.97689229397 -0.18194981543 -0.11370188995
538 0.89611778996 -0.43899399762 -0.081387630657
539 0.60496127231 0.75692300793 0.24826053312
540 0.39197777478 0.88531078756 0.26032489556
541 0.54018927952 0.81679255887 0.20252259726
542 0.77924968852 0.54927889812 0.30953589202
543 0.71365392087 0.63317935463 0.3016438478
544 0.91508517343 -0.17867005977 0.37511303706
545 -0.90565553144 0.41390086088 0.09162145751
546 -0.56795352378 0.80907064121 0.15110119186
547 -0.52888567047 0.82915174242 0.1810839685
548 -0.49399294812 0.84289639783 0.21319922414
549 -0.47198314356 0.84147001398 0.2629197832
550 -0.71621681648 0.68015955919 0.15817438431
551 -0.63206750853 0.74987136308 0.19051861829
552 -0.91431987089 0.35791345435 0.19554872142
553 0.16382926049 0.9399458701 0.29843973542
554 0.028496682271 0.96252017982 0.27148255443
555 -0.025304696048 0.98151776972 0.19065734415
556 -0.047932173339 0.96349764413 0.26338604696
557 -0.15238666039 0.95475096283 0.25944391688
558 -0.23616329258 0.92315106662 0.30343385185
559 -0.19573982261 -0.97962609689 0.038117239698
560 -0.9459347316 -0.22562922316 0.24489563679
561 -0.67319930112 -0.69061562017 0.28078303225
562 -0.12749203257 -0.98886746262 0.076693921685
563 0.13575977869 -0.98853375865 0.06595504184
564 0.25892650482 -0.96485560732 0.044833116022
565 0.50163483294 -0.86266679999 0.073204328493
566 0.7024245016 -0.70526044653 0.090285490328
567 0.31444600077 -0.94665523015 0.070410242276
568 0.56725511085 0.78379335428 0.25279908308
569 0.51048249974 0.81854559219 0.26340879857
570 0.50657676437 0.78768979573 0.35173525428
571 0.65343693581 0.65433609221 0.3835303398
572 0.62172461513 0.72349192801 0.29886831941
573 0.67156511792 0.69503915864 0.25245267374
574 0.82465649413 0.36334958053 0.43974929342
575 0.83982306904 0.19778112965 0.50763819545
576 -0.85315663504 0.50420358442 0.13164958492
577 -0.4376883913 0.85118550376 0.29037060853
578 -0.57332849149 0.79209456847 0.20956889139
579 -0.5264146203 0.81431813595 0.24447700502
580 -0.4929390318 0.81694457449 0.29934014126
581 -0.45091852757 0.82487911514 0.34091893307
582 -0.55838535729 0.78383804669 0.27094396617
583 -0.70697191757 0.64009235359 0.29880433327
584 -0.76855682127 0.61103946521 0.18956516563
585 -0.79912350864 0.57579985359 0.17190966073
586 -0.85721349958 0.45778780031 0.23184859455
587 0.29201391586 0.88303393894 0.36860892768
588 -0.07792091723 0.94425359224 0.31988082775
589 -0.18591004804 0.92272739148 0.33732061445
590 -0.3290435718 0.85493432302 0.40290424972
591 -0.29163366984 -0.95101411988 0.1182858394
592 -0.17876413752 -0.97795394422 0.1078655544
593 -0.92702627596 -0.12014173328 0.36710894574
594 -0.86430232152 -0.46114749962 0.20319733375
595 -0.85537605824 -0.42727582245 0.29316482667
596 -0.14689260417 -0.97095279549 0.18786352132
597 0.16456752326 -0.98129214598 0.099774969878
598 0.11229525944 -0.98714478989 0.11369135088
599 0.21473885778 -0.96637621265 0.14360608735
600 0.038467711032 -0.98659725833 0.15779990143
601 -0.021591915158 -0.98661565936 0.15991856997
602 -0.079142738972 -0.98934393809 0.12596265258
603 0.79288996713 -0.60568368981 0.063214691184
604 0.51391282899 -0.84153237564 0.16646752545
605 0.63329470516 -0.74511343745 0.20920118631
606 0.30738211386 -0.93887848577 0.15511504996
607 0.25214899353 -0.9514003826 0.17780453237
608 0.42561297351 -0.88186670721 0.2039413741
609 0.91100847623 -0.41255387412 -0.010729845752
610 0.93417232107 -0.35711618164 -0.021843438558
611 0.97008304921 -0.2258793395 -0.091523441276
612 0.97953352376 -0.19410936139 -0.053814058192
613 0.96336096334 -0.26217254326 0.057791899038
614 0.55980136016 0.72501119087 0.40144332352
615 0.81622396748 0.10419879438 0.56826595594
616 0.8585763356 -0.053585445098 0.51198330242
617 -0.87735027193 0.31899019745 0.3569723661
618 -0.42790031881 0.81110272099 0.39851773788
619 -0.50326969865 0.79001150546 0.35016815233
620 -0.7637812898 0.59740588351 0.24333606937
621 -0.78880436953 0.57320152978 0.22186333334
622 -0.8131878359 0.52601170144 0.24907990748
623 -0.8119271987 0.50383367088 0.29485816916
624 0.098650332728 0.90896638645 0.40695978167
625 -0.0037534544597 0.934421493 0.35739917105
626 -0.14047472932 0.92066702842 0.36484250846
627 -0.12586419456 0.89948346956 0.41885534415
628 -0.19921461298 0.89875400831 0.39055827778
629 -0.24715765283 0.85607448841 0.45424458353
630 -0.49879253046 -0.82006110006 0.2913533399
631 -0.34449176134 -0.91203018985 0.22824357088
632 -0.88481034191 0.095595493607 0.46611106288
633 -0.88727265885 -0.36371115303 0.2851875542
634 -0.85417137652 -0.39243281527 0.34119326478
635 -0.78780446859 -0.52209265192 0.33171036124
636 -0.12147769873 -0.95586798735 0.26749210108
637 0.1452676248 -0.97601908879 0.16212452516
638 0.0091507737636 -0.97147540953 0.23698704906
639 -0.066798349065 -0.94897896512 0.30820622034
640 -0.051745837552 -0.96587474984 0.25377299833
641 0.71209485277 -0.6821742779 0.16796358429
642 0.49924319946 -0.83963455274 0.21386757395
643 0.56970664575 -0.80491734145 0.16770942792
644 0.3018245585 -0.92841618206 0.21739167325
645 0.27070511122 -0.92453923581 0.26691603366
646 0.37862628898 -0.88333066212 0.2739633401
647 0.46523589324 -0.8465861571 0.25851736013
648 0.88664799787 -0.45060072152 0.1040981372
649 0.91214791165 -0.40653436744 0.044978435038
650 0.92517577068 -0.34265432352 0.16988037032
651 0.99578830207 -0.098115492243 -0.05471531837
652 0.98013495423 -0.19666678777 0.012705825528
653 0.82212149633 -0.55823528464 0.11162853051
654 0.7498824626 0.39939355657 0.52745835216
655 0.42415060428 0.80242817713 0.42037675539
656 0.38688671216 0.84685856676 0.36312619938
657 0.3677890728 0.83595392827 0.40737655757
658 0.56700186363 0.68434879476 0.45738758928
659 0.45924606582 0.77002314541 0.44355606847
660 0.71494323534 0.52052984517 0.47072862459
661 0.69304023518 0.46400388588 0.55173055749
662 0.61492152103 0.63630671249 0.46690723768
663 0.7786950585 0.26198986102 0.56890861036
664 0.7659306036 0.34911519736 0.53917503634
665 0.72104297936 0.4017676308 0.56450309975
666 0.80511930373 0.017188423981 0.5933853759
667 -0.80657617153 0.47419569525 0.35221369266
668 -0.45788326898 0.77217625185 0.43987203686
669 -0.60124363854 0.71276952194 0.36099286896
670 -0.54677785602 0.74487377928 0.38258970051
671 -0.73169418537 0.58529921297 0.34867982487
672 -0.79085223874 0.51002290911 0.338327233
673 0.28891847431 0.83629499974 0.46690412105
674 0.18230807575 0.85533950006 0.48389291911
675 -0.11838337968 0.87257716109 0.47460909738
676 -0.19249292577 0.85569627884 0.48037245363
677 -0.27210616419 0.80731422789 0.52449443208
678 -0.22761882447 -0.94441475274 0.23841121992
679 -0.36581044176 -0.86601846426 0.34383455753
680 -0.20997045291 -0.93391539151 0.28936526418
681 -0.8619547524 -0.32360626726 0.39374580292
682 -0.82388385938 -0.42728654165 0.37053248766
683 -0.66676871731 -0.57398164921 0.4770996276
684 -0.15616485086 -0.93896354101 0.30653958428
685 -0.10471523159 -0.93360317349 0.34325493759
686 -0.0056964585576 -0.93600924553 0.34952809394
687 0.16323255903 -0.95274096274 0.25838316274
688 0.11305693791 -0.94696539525 0.30260356945
689 0.24384008453 -0.91760785262 0.3127354238
690 0.7479824091 -0.63240775815 0.20402634578
691 0.79623523599 -0.5867236696 0.14751649143
692 0.69237099617 -0.68101900619 0.24095814142
693 0.50698232148 -0.81282581993 0.28551822855
694 0.57162667418 -0.76715557464 0.2931106779
695 0.62738113787 -0.70507308063 0.33100864579
696 0.65444000888 -0.67890092079 0.33297334449
697 0.36994630601 -0.87492758253 0.31250056739
698 0.4244835263 -0.85903072952 0.28667930347
699 0.4953571216 -0.79835024429 0.34145694243
700 0.46123866226 -0.82557885353 0.32587566243
701 0.89961844105 -0.35838589348 0.26344893792
702 0.9752702984 -0.17911699278 0.12950207488
703 0.58777536044 0.64601468484 0.48703203715
704 0.39843876715 0.76389675741 0.50753749631
705 0.35863432351 0.79221580696 0.49380912925
706 0.5340168321 0.69120601025 0.48688170559
707 0.508232445 0.72661460947 0.46232105395
708 0.44533022344 0.73605526668 0.51037504246
709 0.608091636 0.56817627462 0.55415319909
710 0.55881337962 0.59709791552 0.57651547119
711 0.75258758842 0.3123099142 0.57969545077
712 0.68885500885 0.35830672932 0.63035639514
713 0.66889535891 0.4320916467 0.6049008329
714 0.73570313923 -0.0079051195477 0.67768005582
715 0.76346751805 0.2053612505 0.61233033993
716 -0.78859849453 0.39858783715 0.47185323618
717 -0.39226638557 0.76082878575 0.51572768332
718 -0.53211894933 0.72928733373 0.43012445746
719 -0.67499506885 0.60602157819 0.42040607156
720 -0.60886177336 0.65952008134 0.44160110205
721 -0.75152584991 0.54275832642 0.37500465948
722 -0.69049127662 0.5641251178 0.45202494723
723 -0.54935364987 0.68970260601 0.47172315323
724 0.27753873329 0.80753649236 0.52131081174
725 0.11410411164 0.8624810002 0.49304470572
726 0.052088483389 0.8777911542 0.47690029868
727 -0.001311396446 0.89912023938 0.43808024832
728 -0.10195759096 0.82643619328 0.55309680927
729 -0.030789736909 0.87878868716 0.47620604138
730 -0.15209497335 0.82328480739 0.54739301033
731 -0.20483930573 0.81503398371 0.54239226742
732 -0.26946001063 0.73536204913 0.62124691233
733 -0.20126717415 -0.91397661822 0.35401215491
734 -0.54418123474 -0.72084931566 0.43219464814
735 -0.82862365792 -0.26251990075 0.49805250161
736 -0.77224046992 -0.42289638571 0.47676185314
737 -0.028564033898 -0.89634114611 0.4498595692
738 -0.21844844655 -0.87025174963 0.44211994764
739 0.17808819447 -0.92420530253 0.33668107538
740 0.26860863478 -0.89959492677 0.34351530693
741 0.76952246892 -0.5608657326 0.30260251824
742 0.82722497221 -0.5284233571 0.19650834866
743 0.69570655027 -0.63805412154 0.32908945373
744 0.33681161488 -0.87723861083 0.34114047624
745 0.50014487699 -0.75236803064 0.4306530605
746 0.43181850218 -0.81463302246 0.386020042
747 0.95354574106 -0.23591294766 0.18833121449
748 0.34531943599 0.75893335098 0.5520574125
749 0.28725538943 0.77254144397 0.56630872387
750 0.6484915008 0.4940566956 0.57921912995
751 0.50168605286 0.63788677263 0.58377348356
752 0.48244656405 0.70614613891 0.5185422061
753 0.36996109016 0.69976229277 0.61172976419
754 0.59308996363 0.53016075412 0.60643412324
755 0.70992652901 0.26669628091 0.65185095002
756 0.70171707078 0.31162232243 0.64073526019
757 0.654137419 0.36077411626 0.66480286085
758 -0.48610149311 0.67923165956 0.5491953594
759 -0.60124924065 0.62589509613 0.49699839902
760 -0.72876485341 0.49739008185 0.46947414617
761 -0.67650139487 0.5509721716 0.48864430844
762 -0.53326287849 0.61170228434 0.58461099656
763 -0.57897795072 0.6071929007 0.54415113053
764 0.23348979384 0.780958293 0.57926992823
765 0.18399210211 0.78233625282 0.59504253245
766 -0.10631634547 0.79684767841 0.59443783269
767 -0.046730706478 0.81023356013 0.58425898564
768 0.073992708258 0.84247897023 0.53362382991
769 0.014795753772 0.85339242961 0.52106348954
770 -0.058079917657 0.85325649942 0.51870936675
771 0.10799452491 0.79315896377 0.59874376919
772 -0.21287325863 0.77551555516 0.59275631104
773 -0.4024101996 -0.81233473113 0.42511847505
774 -0.30664053822 -0.8496907098 0.42962057775
775 -0.28117312663 -0.88321842741 0.37529981062
776 -0.53926428905 -0.6551849209 0.53190269564
777 -0.47233140887 -0.71451019142 0.51715000538
778 -0.83005141639 -0.04025382888 0.56422310167
779 -0.1461441172 -0.85073770326 0.50476496694
780 0.34018619925 -0.84897142521 0.40507484592
781 0.11143890055 -0.91554128267 0.38769421761
782 0.63230503572 -0.65862894899 0.40795992832
783 0.69276226047 -0.59913570703 0.40189852842
784 0.58106797861 -0.69978001921 0.41691107446
785 0.8151545325 -0.38290763431 0.43926991811
786 0.30721862745 0.71759358803 0.6247590183
787 0.44374248213 0.6976166267 0.56296473518
788 0.49432779408 0.59443981527 0.63426137266
789 0.55266555568 0.50820922421 0.66093236206
790 0.68068538299 0.24260409939 0.69146132044
791 0.59489092227 0.44368322489 0.67042960912
792 0.60631451672 0.32997091571 0.72372971738
793 0.67330310415 -0.041821035971 0.74190002392
794 0.71336440555 0.087051411609 0.69536301726
795 0.6826046643 0.1329008299 0.71860557404
796 0.65000816404 0.18173377519 0.737877943
797 -0.36934539874 0.68225497364 0.63244761288
798 -0.63129933122 0.57001759744 0.52586515037
799 -0.59275545283 0.56062319123 0.57822777177
800 -0.76097062803 0.27324326338 0.59457325808
801 -0.69435021544 0.38894260831 0.60788644928
802 -0.1055572707 0.76948305289 0.6296060229
803 0.15817081434 0.75338979701 0.63825063734
804 0.066841760984 0.799487769 0.59721153578
805 -0.011856617097 0.77675645559 0.63006978329
806 0.013055709221 0.81076842709 0.58523636256
807 0.10064204741 0.75646823582 0.64623653705
808 -0.20129797293 0.71195019399 0.67230884876
809 -0.73957970865 0.13902687863 0.66290590772
810 -0.34722233366 -0.80229731146 0.48556259846
811 -0.28058796295 -0.81681012047 0.50369033562
812 -0.18540256245 -0.82555670064 0.53315948233
813 -0.40062335356 -0.73722981712 0.54405863686
814 -0.74584898543 -0.087474097516 0.66414875053
815 -0.75398480828 -0.26358846313 0.60670148181
816 -0.64334241669 -0.48619199238 0.5977005275
817 -0.52090149994 -0.57158169559 0.63491494852
818 -0.015790457859 -0.82160836645 0.57210414255
819 0.19955754469 -0.82649264956 0.53564229379
820 0.63185407549 -0.62390323985 0.45991227221
821 0.58538588878 -0.65542067118 0.47637659482
822 0.37533956343 -0.77657373299 0.50931488876
823 0.70581616945 -0.50799840613 0.4932758616
824 0.41188323068 0.63271877931 0.65578586651
825 0.35748576791 0.62900144873 0.68994781056
826 0.45619749485 0.58457213499 0.67057160207
827 0.58004092818 0.16148798762 0.80004010596
828 -0.66099125059 0.46839282823 0.58625182173
829 -0.51517647533 0.55160917377 0.65680070384
830 -0.62579798676 0.50361221402 0.59560103393
831 -0.55893928956 0.53395536676 0.63488790213
832 0.15767712671 0.71574135697 0.67977087531
833 0.15987970236 0.67014714828 0.72484330259
834 -0.08667093952 0.73619594022 0.67049188668
835 0.074300828944 0.7212852326 0.68864571931
836 -0.3571218485 -0.76039515466 0.54276631001
837 -0.27920157213 -0.77151755953 0.57249657574
838 -0.36479360345 -0.7225072109 0.58728763785
839 -0.13276483385 -0.79223565382 0.59612808308
840 -0.45795644326 -0.63826266205 0.61829308053
841 -0.53412233433 -0.50730525859 0.67722346072
842 -0.63190725309 -0.29655604593 0.71958669251
843 0.11491037672 -0.77283208319 0.62587330541
844 0.59771972654 -0.56376504908 0.57051347603
845 0.64370238858 -0.55415535601 0.52791819378
846 0.47418744171 -0.64036686986 0.61014794524
847 0.29692018856 -0.65602936685 0.70201962377
848 -0.25850543176 0.31807091538 0.91306529835
849 0.85441694161 -0.20329440448 0.47990072142
850 0.21691683428 0.59928663962 0.76937190856
851 0.51223771778 0.4067392276 0.75703963873
852 0.42893203119 0.55341441752 0.71473200344
853 0.56413294231 -0.017713286977 0.82758014949
854 0.49014980821 0.20741654074 0.85075024983
855 -0.37678190593 0.54806152245 0.74718652088
856 -0.63116002375 0.34336104395 0.69597930644
857 -0.64215664415 0.26004868421 0.72076367928
858 0.090120325555 0.64716021985 0.75759423928
859 0.052236027128 0.69320071229 0.71864709704
860 -0.28151210222 0.5890224154 0.75840869661
861 -0.16113672249 0.65939753766 0.73400318273
862 -0.21824585378 0.64626735993 0.73150870201
863 -0.42856733606 -0.63059949184 0.64722887544
864 -0.32568610158 -0.68755199745 0.6495683855
865 -0.1427589714 -0.74530344373 0.65134170317
866 -0.24938917108 -0.71091406556 0.65794693455
867 -0.45775143728 -0.55019441057 0.6983988268
868 -0.064361859413 -0.7640332405 0.6426939116
869 0.71550285088 -0.41253885468 0.56365606552
870 0.63216943966 -0.48698076814 0.60326723534
871 0.83909201196 -0.26787037517 0.47323057192
872 0.81627929951 -0.13579610616 0.56212568497
873 0.39739159966 0.35941370588 0.84768064526
874 -0.55287588172 0.45007115944 0.7013320272
875 -0.60138334739 0.33516672463 0.72528169188
876 -0.59486162732 0.21152455596 0.77591801218
877 0.34832050219 0.50951801946 0.78651535986
878 0.20992493173 0.48256256404 0.85307550821
879 -0.078510368325 0.67805098383 0.73169346677
880 -0.047091202069 0.62575496907 0.77907495528
881 0.055757097633 0.55408309235 0.83192060159
882 0.60769354862 -0.30542738897 0.73335692899
883 -0.23828326166 0.51267881783 0.82484481355
884 -0.11737580532 0.5988967923 0.79216892469
885 -0.18498807751 0.53995497914 0.82112861397
886 -0.6608037157 0.0045339355073 0.75097021203
887 -0.65035519494 0.10179349196 0.75241740322
888 -0.39305235477 -0.55738293275 0.73137179131
889 -0.31738501345 -0.56237079782 0.76299260269
890 -0.66117893072 -0.16180973337 0.73221000454
891 -0.43914496605 -0.51518136141 0.73614253254
892 -0.52570729945 -0.40076103724 0.75408118041
893 -0.04914282271 -0.69858354078 0.71555568318
894 0.50782753197 -0.48566834616 0.71650361207
895 0.69204827281 -0.38792252734 0.60935054244
896 0.66230732745 -0.46669443384 0.58623591929
897 0.80720148222 -0.24715050055 0.53602607268
898 0.81003243111 -0.053441923962 0.58408372229
899 0.68527949783 -0.31965018972 0.65502843147
900 0.7925050613 -0.20569451677 0.57357282226
901 0.75336142625 -0.25227272763 0.60786156686
902 0.3749730217 0.18748991586 0.90997698513
903 0.42354169731 0.0021739402204 0.90753166589
904 -0.5621562791 0.3799465697 0.73495305095
905 -0.52466637564 0.40572949947 0.74841275538
906 -0.59049610846 0.26326651611 0.76289512673
907 -0.53969802856 0.27923012683 0.79418851734
908 -0.016402460602 0.55632797754 0.83138494586
909 -0.48864899119 0.37070538893 0.78928106464
910 -0.3193578206 0.46394647721 0.8274431043
911 -0.25405381514 0.46366371247 0.84857676307
912 -0.30275065795 -0.63763094748 0.70817116059
913 -0.3935618204 -0.51575351641 0.76099900911
914 -0.59208885956 -0.20099745573 0.78041330082
915 -0.64776756312 -0.080012151095 0.75696428294
916 -0.61838048835 -0.042584754227 0.78474746014
917 -0.54885797796 -0.23208978826 0.80306471563
918 0.14847908253 -0.6030920438 0.78598762889
919 0.081529873609 -0.68979548809 0.71902220794
920 0.63362831338 -0.34139894544 0.69363038914
921 0.7311963366 -0.15592148287 0.66667087542
922 0.63983650672 -0.25812783403 0.72411440289
923 -0.40681474932 0.31761780064 0.85913539961
924 -0.54341900807 0.22378294619 0.80908927374
925 -0.54609375067 0.17309429471 0.81963073643
926 -0.55185200257 0.11101058235 0.82648407599
927 0.026088605545 0.42866039765 0.90258139975
928 -0.13747895371 0.48446241946 0.86553373152
929 -0.59155676947 0.0356003209 0.80594187608
930 -0.17305534035 -0.60110383219 0.78243518145
931 0.0039795328914 -0.58221700105 0.81665543558
932 -0.23317814672 -0.48517703904 0.84416293062
933 -0.41740901167 -0.45923628022 0.78428210292
934 -0.3620431813 -0.40264847436 0.84265374142
935 -0.56274873295 -0.17012146076 0.80896089036
936 -0.57090385963 -0.13713215563 0.80922926575
937 -0.45297137125 -0.097053132699 0.8891300053
938 -0.52957182033 -0.14210929962 0.83611487663
939 -0.51525630958 -0.30132748011 0.80213978342
940 -0.47589762302 -0.27400182192 0.8357275241
941 -0.51192048125 -0.18702636264 0.83843199974
942 0.21257087605 -0.50490818536 0.83972411241
943 0.3589781851 -0.46138801486 0.81103230419
944 0.57702099871 -0.37358613245 0.72687756202
945 0.61453993463 -0.17039880322 0.7717754727
946 0.26124265125 0.28606179391 0.92252125793
947 0.33158790725 -0.022980595575 0.94389401376
948 0.32352859181 0.053999196066 0.94479031969
949 0.23706693255 0.0961250738 0.96788148889
950 -0.46255743211 0.066350280567 0.88359217333
951 -0.49666750687 0.17941238948 0.84980371335
952 0.10082105136 0.30517076609 0.95039843058
953 -0.14801648022 0.36879127012 0.91861030262
954 -0.10320870989 -0.46938772772 0.87918108074
955 -0.45783053253 -0.21860468061 0.86174666256
956 0.5089090432 -0.38729695207 0.76940051806
957 0.30624374649 -0.41082652357 0.85875124775
958 0.56637589363 -0.28852732252 0.7726528929
959 0.49704893725 -0.28209300865 0.82101844589
960 0.22388357739 0.012692675604 0.97423525657
961 0.18289895922 0.17773290319 0.96755935435
962 -0.47637438371 0.11399166263 0.87183186344
963 -0.20795399021 0.26798628089 0.94119900485
964 -0.25553726819 -0.38400710564 0.88701236019
965 -0.31796020914 -0.11900504443 0.94330772326
966 0.082291032974 -0.3780402633 0.92654589952
967 0.42861401884 -0.36240385863 0.82785073542
968 0.49794721081 -0.3299669708 0.80229027945
969 0.34881627191 -0.39795885718 0.84843724421
970 0.52347510017 -0.1721204235 0.83579093699
971 0.16647582088 0.0076374497473 0.98616849936
972 -0.33510541359 0.24370772771 0.91026828997
973 -0.30794862339 0.14705261281 0.94225048154
974 -0.09713403248 0.27262115675 0.95577243783
975 -0.13139969619 -0.30944830192 0.94496546533
976 0.36310245664 -0.33019493633 0.87094419231
977 0.44123266341 -0.25122148378 0.86117118231
978 0.11423826019 -0.026749956273 0.99365022565
979 0.067606948142 0.046522487158 0.99650047161
980 -0.18584851062 0.052298790568 0.98072796474
981 -0.18884988261 0.17078767305 0.96654353055
982 0.016389845719 -0.28616213488 0.95951621524
983 -0.24720237048 -0.26100295459 0.93371279386
984 -0.2661099207 -0.1945176036 0.94469175742
985 0.4024381368 -0.24913409221 0.88088923689
986 0.42968913112 -0.13253675472 0.89326860491
987 -0.034861939047 0.029503913523 0.99897142091
988 0.027012784359 0.078205766298 0.99635890231
989 -0.11520865676 0.16384998318 0.97949865815
990 -0.029533949414 0.18504541376 0.98239970812
991 -0.19910279176 -0.21921582041 0.95486096383
992 -0.14521946661 -0.12686959842 0.98219953008
993 0.09527893265 -0.16201219058 0.98426556744
994 0.22571493471 -0.26023017486 0.93957574811
995 0.32619585433 -0.23689362847 0.91525581686
996 0.353603455 -0.16940009275 0.92003787358
997 0.37171301035 -0.11788685961 0.92111708211
998 -0.018441311944 0.082685997917 0.99629542396
999 0.24406771398 -0.12742208678 0.96233967975
1000 0.31419395376 -0.092579430288 0.94488582405
1001 0.26934822681 -0.051164171755 0.96138935492
1002 0.20214497262 -0.029604210591 0.97825006729
1003 -0.47520592385 -0.15945256281 -0.86465623306
1004 -0.43862914819 -0.15233596893 -0.88566583843
1005 -0.39469158076 -0.15002639128 -0.90632552235
1006 -0.42230368914 -0.02587162423 -0.90606726801
1007 -0.55084503858 0.024148984882 -0.83397791312
1008 -0.45486898715 0.12248776342 -0.88190560267
1009 -0.40811390052 0.27023598977 -0.87205881604
1010 -0.46416027367 -0.01978036307 -0.88552957752
1011 -0.49146444887 0.2061513658 -0.84611541838
1012 -0.49296080302 -0.30302217352 -0.815589886
1013 -0.33112355262 -0.44250693998 -0.83311926813
1014 -0.29726721491 -0.46698200389 -0.83255860973
1015 -0.85843110303 0.48081031932 -0.17870710287
1016 -0.87888292375 0.46988991772 -0.082102253782
1017 -0.92085134352 0.37689555629 -0.098657872591
1018 -0.90623503164 0.41131432946 -0.097977106464
1019 -0.94923329656 0.23458380805 -0.20945865798
1020 -0.90793149695 0.39378696266 -0.14360471881
1021 -0.83302650601 0.010007507642 -0.55320880703
1022 -0.84491566631 -0.076678520979 -0.52899131972
1023 -0.45493674731 0.16422646639 -0.87503501339
1024 -0.34998513183 0.55268908205 -0.75663949342
1025 -0.76861147042 0.051109133717 -0.63766149746
1026 -0.92780026923 0.18059086295 -0.32641071943
1027 -0.89314793547 0.19969591025 -0.40304577705
1028 -0.93920196551 0.19476938851 -0.28269140302
1029 -0.92757199514 0.34895444488 -0.13348757587
1030 -0.73581134825 0.034519773373 -0.67652210725
1031 -0.78615876298 0.011717852496 -0.61791850794
1032 0.57388290552 0.068511278506 -0.81603310378
1033 0.57896991468 0.013005816096 -0.81512443269
1034 -0.63503211117 0.75245754193 -0.17762229231
1035 -0.70144078758 0.7035489264 -0.11416637815
1036 -0.75438994641 0.64944389009 -0.09657327546
1037 -0.74740751982 0.66239087644 -0.051865484842
1038 -0.84228796067 0.51879213185 -0.14645137629
1039 -0.79128858818 0.60050506904 -0.11566476424
1040 -0.85207356571 0.51431301742 -0.096902602282
1041 -0.043133872194 0.73602597422 -0.67614693886
1042 -0.2863344968 0.57608776004 -0.76565177712
1043 -0.056942745021 0.97994150505 -0.18913763979
1044 -0.17378993999 0.98167881735 -0.07982907571
1045 -0.31204526241 0.76578552256 -0.56080444449
1046 -0.10268953308 0.64719774286 -0.75537011358
1047 0.19899771169 0.85159720757 -0.48577460398
1048 -0.40340889263 0.5272470469 -0.74742043394
1049 -0.46991513059 0.40844339412 -0.78270044266
1050 -0.38991362704 0.6950858945 -0.60444594106
1051 0.33897802464 0.8928050005 -0.2966437064
1052 0.02809689769 0.73588584061 -0.67657001435
1053 -0.093798763208 0.992580592 0.081341903479
1054 -0.12935290665 0.99109487333 0.030873947827
1055 -0.18653275373 0.98193702504 -0.031584165424
1056 0.56481838329 0.21666236907 -0.79625456502
1057 0.73679683672 -0.25420293204 -0.62650890286
1058 0.68640916209 -0.19614180215 -0.7002770354
1059 0.4041186773 -0.26700505076 -0.87489898446
1060 0.36924062146 -0.29583273442 -0.88096318445
1061 0.433527941 -0.31301029133 -0.8448921458
1062 0.40447817789 -0.45291191413 -0.79451660957
1063 0.4813193173 -0.10542184973 -0.8701825976
1064 0.46712334897 -0.16192622628 -0.86924307639
1065 0.65565621706 -0.15987542818 -0.7381886276
1066 0.5053224149 -0.13399559501 -0.85248515132
1067 0.2229560019 -0.35817151992 -0.90634059069
1068 0.20115353921 -0.39410568851 -0.89678395073
1069 0.24879959589 -0.3906918065 -0.88626423796
1070 0.26361973418 -0.4265145879 -0.86523581546
1071 0.30235228627 -0.3522642008 -0.8856093925
1072 0.29088786656 -0.38674312204 -0.87512365203
1073 0.28599962084 -0.46836644447 -0.83563651124
1074 0.31473325655 -0.54564338677 -0.77590901439
1075 0.44174503548 -0.27093724203 -0.85524843896
1076 0.059439124797 -0.77513324869 -0.62964198303
1077 0.34009234585 -0.75635401556 -0.55876726537
1078 0.66202209839 -0.10700563952 -0.74139405818
1079 0.55211593766 0.4396047155 -0.70864962446
1080 0.54808301467 0.26658194559 -0.79280437251
1081 0.58058514072 0.3987391781 -0.70987866493
1082 0.57765133542 0.53843529775 -0.61478456848
1083 0.7801083616 0.55402874017 -0.29126725147
1084 0.47411334888 0.61760589557 -0.62751944876
1085 0.79056430502 0.38414346397 -0.47692756796
1086 0.70428552395 0.20214953272 0.68112760423
1087 -0.14555159657 0.6662390534 -0.73137241367
1088 0.88030489215 -0.18087082181 -0.43855839584
1089 0.85827675987 -0.22819156275 -0.46024164591
1090 -0.14520497986 0.72061644817 0.67902022196
1091 0.82854209129 -0.2024112941 -0.52210106272
1092 -0.94768594766 0.0011515261718 -0.3192067854
1093 -0.92923742943 -0.08190484764 -0.36027522407
1094 -0.90990892617 0.0010795259721 -0.41479325576
1095 -0.92491211669 0.082416361293 -0.37103882307
1096 -0.89792454841 -0.032014039294 -0.43891728452
1097 -0.91428043407 -0.10287806757 -0.39181375959
1098 -0.92842608609 -0.13001228812 -0.34802265129
1099 -0.28598938673 -0.95085153904 -0.11870953487
1100 -0.40708808567 -0.83384400979 -0.37279126903
1101 -0.37296887485 -0.8361928019 -0.40210145007
1102 -0.36717368883 -0.85766756822 -0.35997390848
1103 -0.35807412516 -0.91568031328 -0.18430913288
1104 -0.14706872361 -0.81414043546 -0.56157659886
1105 0.091754679276 -0.98336115611 0.15679480677
1106 -0.22883320413 -0.96047734222 0.16038427028
1107 -0.10355147163 -0.97206367746 0.21115690432
1108 -0.16738420204 -0.94594336345 0.27720702123
1109 -0.28396814126 -0.91077394787 0.30083077728
1110 -0.016296033951 -0.99977377721 0.016595029406
1111 0.17549556231 -0.98248441606 0.062516550264
1112 0.31114853061 -0.85725296924 -0.41024009644
1113 0.29675156706 -0.91699908391 -0.26658161428
1114 0.31526836709 -0.89894852244 -0.3041563185
1115 0.21594326903 -0.95310594784 -0.21190298315
1116 0.01515304102 -0.76073449484 -0.64892776288
1117 0.097175060789 -0.72880555137 -0.6778022617
1118 0.10444393472 -0.69970175473 -0.70682864778
1119 0.040607050223 -0.72679711933 -0.68566248562
1120 -0.018135518962 -0.74223498485 -0.66990867646
1121 -0.095355118612 -0.80885465686 -0.58017679371
1122 -0.021967758698 -0.76516029722 -0.64347322495
1123 0.16135046968 -0.98589163498 -0.050795142474
1124 0.34670379741 -0.82244085336 -0.45100708465
1125 0.39486950728 -0.79352488665 -0.46314099094
1126 0.25988742106 -0.8084844017 -0.52801890909
1127 0.42076011882 -0.86457754804 -0.27570626714
1128 0.37451674213 -0.8583855134 -0.35056255779
1129 0.2111599864 -0.97485090437 -0.071253193341
1130 0.24756870096 -0.96538467831 -0.076064018162
1131 0.22434037523 -0.96756983661 -0.11621732292
1132 0.20746726667 -0.96445223724 -0.16370258703
1133 0.85141213396 -0.51480491008 0.1004871368
1134 0.47048451759 -0.86719431628 0.1645968191
1135 0.26741817856 -0.95341622465 0.1396042945
1136 0.26628826728 -0.95874287853 0.099604255149
1137 0.26026342615 -0.95535121477 -0.13986220118
1138 0.21535174703 -0.97259252932 0.087681921282
1139 0.18040570095 -0.97662408222 -0.11697632778
1140 -0.032489552176 -0.95780544326 0.28444765375
1141 0.026556082184 -0.9607594825 0.27644418977
1142 0.05851442244 -0.97732465861 0.20351655872
1143 -0.42775217572 -0.60164628266 0.67460611257
1144 -0.38767833669 -0.6186357884 0.68277221041
1145 -0.39077260776 -0.77490915165 0.4968109884
1146 -0.41660242994 -0.69765545123 0.58280906779
1147 -0.45801995602 -0.60253278995 0.65321112756
1148 0.41707170595 -0.18989768208 0.88858166109
1149 0.447120559 -0.30903903011 0.83915253915
1150 0.24595945626 -0.36832671968 0.89673888791
1151 0.32814622116 -0.36073196158 0.87276145506
1152 0.4164319139 -0.29960381851 0.85788755068
1153 0.31858578393 -0.28950283023 0.90243502414
1154 0.64563461424 -0.3939940847 0.65406484298
1155 0.73167435254 -0.31615452793 0.60387524219
1156 0.64402623436 -0.59095417748 0.48648336723
1157 0.40512029665 -0.8490098427 0.33920010406
1158 0.22248431256 -0.89034259867 0.39712242099
1159 0.2708638055 -0.91325564743 0.30432827466
1160 0.35156734271 -0.91800891205 0.18409173764
1161 0.32094886994 -0.89741272668 0.30151931921
1162 0.64900976689 -0.71471955198 0.2619961734
1163 -0.387962197 -0.67642024555 0.62602758785
1164 -0.028093449264 -0.17352329302 0.98397574945
1165 0.11219839705 -0.97153141914 0.20875061332
1166 0.23174285071 -0.94600107894 0.22654182114
1167 0.30430843137 -0.94583503449 0.11307720416
1168 0.21613960414 -0.91482180181 0.34055525834
1169 0.25414680899 -0.96656531458 -0.019755773097
1170 0.65390869631 -0.65778125312 0.37373495698
1171 0.95710692767 -0.22851997492 -0.17809725306
1172 -0.46990883522 0.48431159474 0.73817009397
1173 0.88849014086 -0.45915760879 0.017025781836
1174 0.76992767446 -0.62547718947 0.12644392244
1175 0.9012340132 0.43113279136 0.046575048749
1176 0.80859773777 0.19137450354 0.55679739329
1177 0.74090979134 0.65113443252 0.16453264755
1178 0.64538871903 0.72877843786 0.22915723406
1179 0.97043021119 -0.24113755577 -0.021429505522
1180 0.94513971569 -0.32631005158 0.011822839408
1181 0.7531315993 0.14165063834 0.64383564287
1182 0.95735094656 -0.28895562099 -0.0027451495762
1183 0.953576469 -0.29811665223 -0.037514368661
1184 0.045371523935 -2.5677256676e-07 0.99847131183
1185 0.26823925696 0.037862958293 0.96267684722
1186 0.041558162807 0.12605764677 0.99128244894
1187 0.11931912442 0.70308775478 0.70100520222
1188 0.25505392503 0.6748271069 0.69377963889
1189 0.22153603744 0.75282528614 0.6198230033
1190 0.25315632594 0.72349204035 0.6422855868
1191 0.26540845065 0.74983931869 0.60609714576
1192 0.016950551939 -0.056153574883 0.99727174697
1193 -0.39409336722 -0.22206408432 0.89168432359
1194 -0.57385364238 -0.037967226819 0.81748865049
1195 -0.40952943856 -0.25478895338 0.87608479982
1196 -0.57320545814 0.31223384409 0.75757002055
1197 -0.50458841484 -0.23689912108 0.83020169159
1198 -0.43969014468 -0.31295219615 0.84186772398
1199 -0.38246842179 -0.31520458232 0.86866579636
1200 -0.62393877448 0.049247193648 0.77991797298
1201 -0.60393332886 0.098815440189 0.79086777598
1202 -0.48091535967 0.23519647902 0.84464240253
1203 -0.40311807484 0.16830793684 0.90002741636
1204 -0.53816912205 0.33013705677 0.77545539041
1205 -0.59391360545 -0.15434808829 0.78927148913
1206 -0.64829335335 0.58595515162 0.48622029664
1207 -0.8360434313 0.51295242159 0.19476671743
1208 -0.75700445265 0.50611265529 0.41301746378
1209 -0.76357802421 0.55266882116 0.33395029007
1210 -0.71946935977 0.56758650124 0.40023550955
1211 -0.73842246143 0.53003955151 0.41685282137
1212 -0.76666171944 0.56581517951 0.30249792643
1213 -0.81223850922 0.54679803127 0.20314227619
1214 -0.78038981649 0.56663905226 0.26444145365
1215 -0.82952174603 0.53750787914 0.14961804728
1216 -0.78845123069 0.53932877502 0.29579156722
1217 -0.74530399746 0.64851255124 0.15484585497
1218 -0.58583446462 0.48874534927 0.64664223244
1219 -0.462817142 0.66264970594 0.58840408696
1220 -0.5890237126 0.15098873283 0.79385673398
1221 -0.56986066114 0.23873469637 0.78629629304
1222 -0.61105730024 0.29580166709 0.73423543124
1223 -0.59154247689 0.37660748396 0.71291098452
1224 -0.61136934139 -0.10108926558 0.78488874467
1225 -0.62832846387 -0.13579200025 0.76550453137
1226 -0.63651721475 0.0089074343866 0.77122551343
1227 -0.024004338626 0.99971323328 0.0068013024457
1228 0.34302811683 0.9292380008 -0.13798713309
1229 0.35943948795 0.91313746418 -0.19149211921
1230 -0.066667686874 0.97379130477 0.21765224205
1231 -0.52634994111 0.79570907157 0.29878654879
1232 -0.53163505554 0.77933116786 0.33062824318
1233 0.0052874924263 0.99886510743 0.04090834021
1234 -0.26208958781 0.96093778183 -0.089184245138
1235 -0.21865572958 0.97323685566 -0.070777516889
1236 -0.54132703746 0.82777765845 -0.14752495098
1237 -0.41703569727 0.89398607055 -0.16379302439
1238 -0.28515772105 0.94469254438 -0.16336461438
1239 -0.5887010301 0.80723026 -0.039667023827
1240 -0.49369861544 0.86174427968 0.11307149678
1241 -0.51850204747 0.84901528323 -0.10006959853
1242 -0.60986870769 0.79252219919 -0.00076080572561
1243 -0.64475147913 0.75886736851 -0.091457812052
1244 -0.49694840713 0.85784186431 -0.1310969327
1245 -0.44363051976 0.87664060716 -0.1861802935
1246 -0.33214014393 0.93060421696 -0.15376787598
1247 -0.57970520582 0.80589392921 -0.12031178116
1248 -0.55253841678 0.82760106573 -0.098200020804
1249 0.5021654057 0.55350252775 0.66441854486
1250 0.44797680731 0.63361079477 0.63076186417
1251 0.008601441237 0.6229328186 0.78222512129
1252 0.010625062927 0.66973100014 0.74204526865
1253 0.51376309635 0.50479027495 0.6937074268
1254 0.39343616649 0.73173727954 0.55617194462
1255 0.43277150506 0.66511864069 0.60855060918
1256 0.20807113936 0.72291033274 0.65887572442
1257 0.15666391189 0.81674781689 0.55530243573
1258 0.36268929115 0.81818803785 0.44616777905
1259 0.31719457999 0.73990137244 0.59320575729
1260 0.5339419659 0.56421236726 0.6297539768
1261 0.65948993173 0.30946038739 0.68477691909
1262 0.61813523219 0.39518839497 0.67912868449
1263 -0.17383086508 0.5901840449 0.78830210985
1264 -0.06750096431 0.11952358965 0.99057614984
1265 -0.59951177937 0.41349355318 0.68529017701
1266 -0.087493055389 0.91176289012 0.40129986687
1267 -0.041943309958 0.92147756185 0.38619863886
1268 0.031192183036 0.82719057659 0.56105914483
1269 -0.15390480417 0.78067472583 0.60571379924
1270 -0.068275472125 0.89580406824 0.43920216706
1271 0.022922675485 0.73918277195 0.67309140639
1272 0.15997016871 0.84165030664 0.51550913621
1273 0.10688152346 0.82014953215 0.56206026041
1274 -0.075740106199 0.77285599331 0.6297095126
1275 -0.076041606283 0.9284452176 0.36361007762
1276 -0.17932107433 0.8840075439 0.43167241873
1277 -0.44537798139 0.71653780947 0.53728965663
1278 -0.29573970707 0.69254131882 0.65843119096
1279 -0.68620456733 0.50393338892 0.52422217608
1280 -0.54764014099 0.65482552377 0.52080030035
1281 -0.63340454955 0.53431653862 0.55974084997
1282 -0.49638763636 0.72706025414 0.47429831838
1283 -0.49970655735 0.76654527637 0.4033461778
1284 -0.62811298912 0.41561031386 0.65738309519
1285 -0.59886566997 0.45438041702 0.65949177683
1286 -0.6341731562 0.45722062552 0.6235531644
1287 -0.65993621332 0.53215138102 0.53039646256
1288 -0.58610008467 0.52714888492 0.6153058419
1289 0.20154551583 0.9524291225 0.23222584402
1290 -0.26563013475 0.87983463732 0.39328689451
1291 0.48427051241 0.8561975909 0.18108020141
1292 0.33077498771 0.84958063135 0.41038886693
1293 -0.0030407566399 0.82998772854 0.55779037784
1294 0.12289236677 0.73060109401 0.67164034333
1295 -0.029091486586 0.70715982564 0.70646379439
1296 0.20330293006 0.80980642025 0.55041174646
1297 -0.61325075167 0.77740529877 0.13608280551
1298 -0.78914452677 0.60208001449 0.12273550647
1299 -0.9608322951 0.0018137499188 -0.2771107184
1300 -0.96157513649 0.040058175319 -0.27113565761
1301 -0.91861853936 0.050456785127 -0.39189146438
1302 -0.95232523117 -0.036920071889 -0.30283108099
1303 -0.59903455248 0.78430362614 0.16137124656
1304 -0.74254797024 0.63175264181 0.22240165646
1305 -0.58809249682 0.8081941761 0.031106765731
1306 -0.56745502369 0.82341576592 0.0011095679824
1307 -0.47139762223 0.79298066576 0.38589214431
1308 -0.55902565307 0.82254161869 0.10454168201
1309 -0.5337667678 0.83470257075 0.13553189422
1310 -0.6623724557 0.50399738614 0.55427944358
1311 -0.48970689588 0.7522254797 0.44084151779
1312 -0.57317728434 0.69913705753 0.42742466332
1313 -0.22456451122 0.83598241077 0.50009443838
1314 -0.89127734414 0.43796577708 -0.11755016428
1315 -0.88793935204 0.45692650423 -0.048334513113
1316 0.66651232785 -0.4284616084 0.6097199746
1317 0.51392690907 0.74315202293 0.42798166489
1318 0.57137315344 0.76716962664 0.29053146673
1319 -0.12937333789 0.71274215947 -0.68938871319
1320 0.53569525673 0.71066758795 0.45536053084
1321 0.53825043356 0.83034929838 0.14428279524
1322 0.64253960892 0.09509726807 0.76121006899
1323 0.72966568097 0.35446160802 0.58474418495
1324 0.57649973608 0.26244182388 0.77381246087
1325 0.62885748808 0.26123415424 0.73166402854
1326 0.74048834575 0.28531959958 0.60858569642
1327 0.54227705815 0.65704483135 0.52360652592
1328 0.58559328771 0.61823912753 0.52318915826
1329 0.61807065254 0.48229714553 0.62106077814
1330 0.35186628158 0.81362698371 -0.46323302093
1331 0.39365012448 0.90500417005 -0.1612906539
1332 0.47087656296 0.685033228 -0.55589970291
1333 0.88208171643 0.47095696459 -0.0094862774688
1334 0.33058915184 0.84097243357 -0.42804146282
1335 0.46610054056 0.78050439312 -0.41497220933
1336 0.78393525807 0.089644597165 0.61434127674
1337 0.72763502177 0.31787790948 0.6074711797
1338 0.97479350954 -0.14043728718 0.17325462217
1339 0.39823908688 -0.81613455384 -0.4187925815
1340 0.2657039604 -0.78451487287 -0.56029264757
1341 0.30114771937 -0.83706601554 -0.45674425011
1342 -0.40615087598 0.20358852787 -0.89098252408
1343 0.3647182192 -0.84383015487 -0.39366418402
1344 -0.026226540435 0.064276012765 -0.99660939601
1345 0.0030973605858 0.071012742255 -0.99664213869
1346 0.2352510486 -0.40932531544 -0.88122593648
1347 -0.64515980095 0.17621363375 -0.74257880419
1348 0.45328800794 -0.2252150039 -0.86172213839
1349 0.44534496529 -0.19001111251 -0.8742299727
1350 0.43265580855 -0.24451662039 -0.86723265399
1351 0.48242882263 -0.26321999357 -0.83482576231
1352 0.50614291251 -0.22432953881 -0.83231767464
1353 0.47506639162 -0.19713011767 -0.85673524208
1354 0.49653874016 -0.20412556845 -0.84309461274
1355 0.49843619975 -0.24767192289 -0.83038954904
1356 -0.79842584684 0.013898333144 -0.60159867577
1357 -0.82963446485 -0.034613901147 -0.55624814616
1358 -0.82089784096 -0.013151553921 -0.57032295305
1359 -0.79861937501 -0.011181249548 -0.6009415676
1360 0.49785558811 -0.2785579074 -0.82098790357
1361 -0.85105491823 -0.0057498218782 -0.52419280167
1362 -0.86233579848 -0.039972199021 -0.50392823667
1363 -0.83945231877 -0.013685103475 -0.54260647196
1364 -0.85892246967 -0.021371803602 -0.51105792143
1365 0.3865772743 0.79396231588 -0.46870541846
1366 -0.90980628372 0.1361341635 -0.39041518476
1367 -0.92037522725 0.11157985521 -0.37301134064
1368 -0.90131354835 0.13358191807 -0.41093245182
1369 -0.88250392071 -0.023283096046 -0.46906862622
1370 -0.87565071893 -0.073529780723 -0.47644361056
1371 -0.88595170438 -0.06142890214 -0.45881829515
1372 -0.86574288784 -0.062798737809 -0.49578086544
1373 -0.88720360136 -0.038405493317 -0.45912104639
1374 -0.87306932549 -0.026196551921 -0.48645449303
1375 -0.4844885212 0.79563514864 -0.3621237353
1376 -0.9170535757 0.20532556409 -0.34045986369
1377 -0.25740573376 -0.78725643497 -0.56021917538
1378 -0.92233908364 0.14390864914 -0.35715236107
1379 -0.91978520467 0.17452691019 -0.35048346231
1380 -0.90327740474 0.16591071201 -0.39507347225
1381 -0.93382443192 0.15701742063 -0.31965498284
1382 -0.93357864999 -0.018683444237 -0.35682537679
1383 -0.91936698821 0.002927548078 -0.39263890302
1384 -0.92853485262 -0.044464351557 -0.36761695879
1385 -0.90707910498 -0.062423550699 -0.41518974815
1386 -0.92398744247 -0.064345546048 -0.37617146917
1387 -0.91432319084 -0.022853359242 -0.40343048502
1388 -0.90833100196 -0.039400141875 -0.4154924994
1389 -0.91650894479 -0.074832156013 -0.39194073694
1390 -0.94259743226 -0.064175390675 -0.32651445534
1391 -0.9430090987 -0.020495466243 -0.33118649435
1392 -0.93378483959 -0.06202365315 -0.35172071369
1393 -0.94532874046 -0.039531265274 -0.32299864215
1394 -0.89667265143 -0.055037448117 -0.43861453327
1395 -0.92698850191 0.2012461803 -0.31565474997
1396 -0.93268935005 0.20833544308 -0.29379509177
1397 -0.94299556377 0.17115150214 -0.28437068928
1398 -0.95696469162 -0.065314533577 -0.28022816849
1399 -0.95370256681 -0.10357752934 -0.28016863307
1400 -0.94510766474 -0.11719461449 -0.30335371466
1401 -0.93805002211 -0.084056585166 -0.33506896572
1402 -0.93764435044 -0.1081103054 -0.32894267933
1403 -0.94959392298 -0.06156419729 -0.30634689419
1404 -0.94532638976 0.21312020809 -0.24505193991
1405 -0.9518902357 0.21143411844 -0.22027670879
1406 -0.94687457017 0.19152690867 -0.25689308131
1407 -0.9376537851 0.21636268794 -0.27085026163
1408 -0.95969599982 -0.040670408176 -0.27671235529
1409 -0.95194761677 -0.13456382113 -0.27365964035
1410 0.34657957605 -0.85937382879 -0.37476435021
1411 -0.64010879547 0.75834279174 -0.11953112962
1412 -0.62290483816 0.77710727698 -0.085428115803
1413 -0.63162997612 0.76822227856 -0.10227107358
1414 -0.874235872 0.47300990887 -0.10650178648
1415 -0.82713850055 0.5538965816 -0.090787883721
1416 -0.83660088728 0.53637073092 -0.10735430215
1417 -0.87126199813 0.48619201594 -0.061044253849
1418 -0.85023424905 0.52012121694 -0.074390305974
1419 -0.88804655051 0.45244413696 -0.079066447371
1420 -0.89424376071 0.43648206664 -0.096790402617
1421 -0.56778913509 0.82071199016 0.05770143794
1422 -0.60550814372 0.79318599023 0.060622620421
1423 -0.61324931149 0.78483329775 0.083188955973
1424 -0.61659751351 0.78634681042 0.026117295619
1425 -0.60570940807 0.79418279888 0.042051081347
1426 -0.59543113588 0.79784786633 0.090816179431
1427 -0.58789123246 0.80719736745 0.049678304805
1428 -0.57335781059 0.81437108875 0.086395762945
1429 -0.58556291372 0.79928290753 0.13224185342
1430 -0.58109897836 0.80601839627 0.1089620985
1431 -0.57111868147 0.80067190606 0.17862179033
1432 -0.58360910404 0.79661667063 0.15612851127
1433 -0.49919888193 0.82789407496 0.25369839411
1434 -0.4594178233 0.85502281951 0.23857897933
1435 -0.48298804584 0.84218320591 0.23805950367
1436 -0.7786805954 0.5921204975 0.20571424948
1437 -0.036648994845 -0.97516247476 0.21579866583
1438 -0.501488128 0.77827839091 0.37675716507
1439 -0.80099610272 0.54960661561 0.23547162041
1440 -0.80052143938 0.55999978053 0.21250280476
1441 -0.79390702923 0.57238500267 0.20429898636
1442 -0.021297531894 -0.96867507968 0.2453800237
1443 0.055470308537 -0.96891266592 0.23844263207
1444 0.018711898882 -0.97844250782 0.20416053657
1445 0.033832598102 -0.97440003407 0.22025180389
1446 0.74418874085 0.35798873645 0.56331415018
1447 0.70706824078 0.38243290128 0.59362628784
1448 0.72535433017 0.37811461941 0.57462364235
1449 -0.47814915643 0.77434048255 0.41367061204
1450 -0.46399468887 0.78755817725 0.40494359529
1451 -0.77118904433 0.52639061777 0.35666594624
1452 -0.77721513148 0.53134586514 0.33613876153
1453 -0.78965173472 0.52467584207 0.31705940011
1454 -0.16799741339 0.86628560647 0.46955788975
1455 -0.18865954373 0.84154069971 0.50518848145
1456 0.71137959159 0.35877988989 0.60374683044
1457 -0.5407362996 0.70949496987 0.45092380535
1458 -0.51591275334 0.74791630505 0.41673531763
1459 -0.70828301417 0.54040326227 0.45344746904
1460 -0.71925456035 0.54592775715 0.42879217224
1461 -0.70004826038 0.5219194432 0.48677086083
1462 -0.72745091524 0.52451505663 0.44150811817
1463 -0.68316565055 0.53023885179 0.50150154748
1464 -0.6682188041 0.54156177631 0.5095203855
1465 -0.60927671979 0.53211770262 0.58691440285
1466 -0.62960126816 0.51896437632 0.57767094195
1467 -0.62802154011 0.48156962487 0.61069451539
1468 -0.61093727419 0.49736791516 0.61541157225
1469 -0.64408522123 0.50380480008 0.57494023876
1470 0.66789753078 -0.50288243772 0.54825293799
1471 -0.59710694856 -0.057457292292 0.79953854312
1472 -0.5303892296 -0.20955807545 0.82074835769
1473 -0.59167848826 -0.10046075726 0.79936991684
1474 -0.0078453680368 0.039428343814 -0.99806260055
1475 -0.86547824473 0.49210146757 -0.089502428032
1476 -0.88508013395 0.4539278474 -0.099826209028
1477 -0.90708326429 0.40255064606 -0.12079091264
1478 -0.89875618789 0.42464005327 -0.10776363537
1479 -0.89960442054 0.41587636987 -0.13057744154
1480 -0.93350111737 0.18768012573 -0.30455106122
1481 0.22497656755 -0.3923987475 -0.89152409435
1482 -0.95000558942 -0.017884272859 -0.31101893319
1483 -0.92175893175 -0.092391457605 -0.37604449183
1484 -0.92883175776 -0.10595856788 -0.35414893768
1485 0.3379333749 -0.85054156205 -0.40195214023
1486 0.3557110083 -0.83313550411 -0.42233563433
1487 0.40558287785 -0.15545791391 0.90054611948
1488 -0.60631612686 -0.12527449357 0.78494243846
1489 -0.82100712828 0.54164170726 0.17834446795
1490 -0.77601462745 0.54599879809 0.31487092864
1491 -0.80562409908 0.55918325341 0.19493845779
1492 -0.26141148853 0.95670762594 -0.12576526484
1493 -0.59898060225 0.80035818764 0.015172980003
1494 -0.588457036 0.80810557342 -0.00081218188439
1495 -0.48555208979 0.77976297106 0.39461916106
1496 -0.49470672661 0.75938537803 0.42209384779
1497 -0.61455538172 0.45695372637 0.64263988684
1498 -0.61316082754 0.47532532601 0.63050505371
1499 -0.66115433451 0.51807438358 0.54233795307
1500 -0.95657876313 -0.017553160985 -0.28997089969
