1 46 14 18
2 1254 1850 1833
3 1 1717 1944
4 61 59 82
5 1230 1949 1947
6 1230 494 1949
7 37 20 29
8 33 1214 53
9 24 15 11
10 536 1834 1836
11 958 1028 996
12 102 55 101
13 1 2 7
14 131 126 1223
15 129 97 72
16 286 1307 248
17 286 248 1709
18 248 247 245
19 494 436 1225
20 536 582 1228
21 241 271 325
22 1229 440 1810
23 281 284 1363
24 1231 1731 195
25 275 1749 1751
26 118 119 1720
27 315 1759 1758
28 301 392 349
29 1229 394 440
30 360 1782 1783
31 1242 193 1729
32 130 1236 1241
33 124 147 112
34 1243 12 1244
35 533 532 1246
36 1251 1951 1849
37 576 1828 1844
38 531 1829 1252
39 576 1850 1828
40 157 307 232
41 420 1804 1805
42 87 1255 1215
43 1711 2000 1778
44 455 509 409
45 1715 421 1708
46 1708 1713 1374
47 1373 332 1777
48 241 325 281
49 1262 400 444
50 306 400 354
51 457 511 456
52 438 1240 495
53 92 1265 112
54 536 1835 1834
55 125 155 157
56 125 123 155
57 1226 1946 1825
58 185 184 228
59 231 264 225
60 186 1263 225
61 298 347 1754
62 205 1267 117
63 182 1271 156
64 182 183 1271
65 217 1737 1272
66 1273 142 180
67 362 317 278
68 161 160 128
69 93 122 123
70 56 76 138
71 816 934 766
72 979 1013 982
73 58 74 57
74 337 288 251
75 1288 1290 1287
76 209 1287 1290
77 74 1291 57
78 103 1719 1293
79 103 1295 1719
80 177 1724 1728
81 1288 1726 1290
82 50 98 70
83 1663 1880 705
84 248 1307 247
85 286 1308 1307
86 374 251 282
87 16 26 17
88 10 17 1
89 139 1722 104
90 249 12 209
91 40 62 59
92 1647 861 1518
93 864 1647 1912
94 133 171 169
95 21 1244 249
96 221 220 1318
97 62 31 83
98 1311 39 1279
99 1311 61 39
100 221 1318 144
101 1667 1995 1989
102 335 42 334
103 335 422 42
104 175 174 173
105 785 786 1473
106 518 517 1323
107 998 1927 1632
108 63 42 467
109 923 966 1602
110 134 170 1298
111 321 1763 1772
112 320 1762 1765
113 1329 274 1655
114 316 318 1330
115 315 1758 1745
116 361 1784 365
117 238 1232 1730
118 322 323 1750
119 238 1741 1232
120 363 1787 1788
121 279 367 368
122 359 308 403
123 267 279 308
124 402 401 355
125 356 314 358
126 591 508 631
127 70 127 160
128 312 1339 269
129 1667 1932 995
130 359 403 452
131 1233 45 1714
132 555 598 597
133 720 1875 682
134 770 823 824
135 775 1884 774
136 819 878 879
137 1355 596 597
138 555 599 598
139 1584 948 992
140 1360 1359 466
141 416 372 418
142 234 1369 241
143 1346 310 268
144 544 545 555
145 464 1377 465
146 463 418 462
147 1359 1362 463
148 1389 1381 1380
149 514 1361 1382
150 513 514 559
151 459 418 372
152 790 732 1383
153 734 645 778
154 1665 1856 571
155 777 733 1385
156 1217 66 1718
157 559 1389 560
158 86 1217 65
159 685 640 1391
160 1379 1390 1861
161 32 64 1215
162 773 1887 1876
163 1349 729 1958
164 774 824 825
165 976 936 975
166 1014 985 983
167 985 1044 984
168 1397 878 1354
169 818 929 877
170 703 1864 1872
171 1183 192 1161
172 1397 765 818
173 27 17 26
174 1009 1039 1007
175 1007 974 973
176 1069 1400 1068
177 1202 1198 1197
178 1203 1199 1198
179 666 1635 1664
180 1079 1107 1080
181 893 1426 937
182 1477 651 689
183 837 838 781
184 734 778 834
185 939 986 940
186 976 1010 936
187 774 825 1394
188 1175 1414 1416
189 521 1682 568
190 1513 1512 1170
191 570 943 945
192 1396 1886 1438
193 985 984 887
194 568 1682 1461
195 771 726 727
196 886 938 888
197 937 1425 984
198 771 772 1386
199 1444 888 1425
200 686 645 644
201 1176 1168 1154
202 1701 1465 386
203 832 890 829
204 1431 832 1432
205 1410 1164 1415
206 386 1465 343
207 1109 803 746
208 1452 784 1453
209 738 783 739
210 784 789 1453
211 805 1895 749
212 567 613 520
213 801 1457 1890
214 429 427 385
215 567 520 479
216 1315 428 384
217 428 477 384
218 429 478 427
219 1472 739 783
220 138 1287 8
221 604 110 647
222 1470 743 788
223 1358 1960 1961
224 1169 1482 1485
225 583 582 663
226 703 1871 1550
227 1375 286 1709
228 707 670 706
229 1160 1131 1144
230 1207 1497 1177
231 1164 1175 1415
232 642 684 1356
233 598 1356 1355
234 720 682 679
235 730 1877 1876
236 570 945 661
237 752 711 1524
238 1432 734 1431
239 880 933 929
240 1568 1809 434
241 930 877 929
242 1715 1377 421
243 1012 981 980
244 1557 1984 1983
245 636 722 594
246 1150 1134 1505
247 972 971 1006
248 1090 1502 1091
249 1163 1162 1125
250 1099 1069 1068
251 1662 1821 1824
252 1129 1940 1938
253 1161 1507 1501
254 1565 1987 1986
255 1118 1145 1119
256 1157 1513 1144
257 1510 1091 1114
258 1661 1855 1842
259 1070 1935 1100
260 643 460 558
261 1193 1194 1174
262 913 1518 862
263 754 755 712
264 863 1523 1520
265 914 1922 1911
266 1521 1898 1976
267 961 960 999
268 709 1659 1873
269 1522 808 861
270 1028 1094 1451
271 861 751 862
272 1512 1116 1170
273 1513 1514 1512
274 1145 1537 1514
275 1538 1937 1942
276 702 1870 1862
277 853 1487 910
278 600 560 1445
279 474 1807 1544
280 474 1547 396
281 423 472 474
282 703 1865 1871
283 500 499 1542
284 586 540 1553
285 1277 1276 503
286 588 589 1837
287 1556 1980 1262
288 447 503 1278
289 399 445 1558
290 352 353 389
291 527 1561 1823
292 527 1813 525
293 487 346 433
294 493 492 1567
295 1459 660 697
296 232 231 187
297 798 1459 791
298 432 352 1569
299 698 1878 697
300 352 297 305
301 949 902 907
302 856 855 803
303 1095 1148 1019
304 1021 1493 1574
305 365 410 1653
306 1651 1997 1327
307 910 1487 1593
308 406 1786 1798
309 321 1773 1765
310 789 786 785
311 789 841 786
312 1334 362 1776
313 1656 1791 1774
314 1329 1333 276
315 897 786 898
316 743 786 897
317 337 376 1280
318 787 430 388
319 897 945 1707
320 870 873 1606
321 924 1602 1642
322 319 1762 1764
323 967 969 1608
324 318 1655 1330
325 812 1612 1900
326 855 1704 1706
327 274 237 236
328 714 759 676
329 714 758 1615
330 237 1753 1742
331 717 626 671
332 717 635 626
333 891 789 1384
334 754 1519 1525
335 914 1911 1921
336 1521 1524 808
337 754 1526 1528
338 1622 996 997
339 961 918 960
340 961 1927 1624
341 865 1908 1625
342 1626 1879 1990
343 998 1931 1930
344 915 1925 1924
345 1005 970 1437
346 714 676 677
347 1600 1607 760
348 1548 1543 674
349 759 761 715
350 761 1634 678
351 628 589 676
352 792 793 693
353 610 564 563
354 564 519 563
355 1638 1996 473
356 798 901 797
357 1260 444 398
358 1490 1586 965
359 965 1001 1643
360 585 627 539
361 1237 1759 1755
362 673 674 627
363 579 623 624
364 670 708 668
365 573 623 579
366 622 1858 1649
367 621 1854 1839
368 801 1878 1457
369 624 577 1648
370 533 1816 1830
371 578 1648 532
372 1239 1950 1781
373 453 439 537
374 395 1652 394
375 801 1890 1891
376 1705 1999 1920
377 393 1795 1793
378 1237 1755 1780
379 361 318 316
380 407 1787 1797
381 851 1903 1905
382 274 276 237
383 1329 1768 1333
384 320 1766 1769
385 1327 1954 1772
386 1328 1955 1767
387 406 1798 1651
388 229 1238 164
389 492 1246 1247
390 752 1659 711
391 493 1567 1812
392 864 1522 861
393 621 1856 1854
394 1565 1986 1841
395 526 490 1820
396 1568 435 1564
397 1557 1808 1984
398 1665 571 1563
399 752 1524 1526
400 1658 1858 1863
401 670 1660 706
402 703 1550 1552
403 1239 1781 1796
404 805 1894 1895
405 750 704 705
406 489 502 528
407 666 1664 620
408 703 1872 1865
409 703 702 1864
410 665 664 1666
411 918 959 913
412 998 1932 1929
413 912 917 1623
414 860 807 1910
415 865 862 1669
416 1605 871 1612
417 1671 494 530
418 710 1672 1650
419 753 1883 1874
420 625 669 1672
421 535 1831 580
422 1226 1832 1673
423 1226 1945 1832
424 574 1253 1845
425 531 1252 491
426 530 1225 1252
427 404 317 364
428 406 1657 1797
429 509 553 510
430 636 680 767
431 1130 1943 1942
432 979 881 934
433 395 350 1652
434 510 405 509
435 363 1790 1789
436 454 552 550
437 549 680 636
438 1637 1588 810
439 844 1916 845
440 524 523 430
441 1591 906 905
442 1575 949 1590
443 658 659 615
444 1109 746 1082
445 801 1891 791
446 798 791 802
447 662 618 699
448 957 951 1688
449 910 1594 557
450 1691 1498 1918
451 1692 850 902
452 846 795 843
453 902 947 903
454 850 906 907
455 539 1553 498
456 341 1270 290
457 1350 1860 638
458 1270 1698 377
459 476 378 475
460 291 1698 341
461 1697 1806 1978
462 257 293 339
463 385 1465 1701
464 291 341 289
465 217 1702 1737
466 289 1703 291
467 1078 1685 1107
468 1020 1048 1686
469 1049 1020 1050
470 387 483 1463
471 853 1907 1906
472 1529 669 577
473 583 537 495
474 989 1079 944
475 942 989 944
476 940 1433 989
477 851 1905 1705
478 1687 1904 1705
479 942 841 891
480 853 854 1892
481 577 1846 1851
482 841 898 786
483 943 570 524
484 855 746 803
485 662 697 617
486 533 1830 1822
487 772 1441 1440
488 732 649 643
489 830 891 790
490 644 561 601
491 460 643 607
492 622 1649 1840
493 954 1684 955
494 420 1801 1804
495 856 1474 1704
496 1376 512 419
497 512 558 460
498 328 372 1711
499 1700 429 482
500 388 431 295
501 385 382 1465
502 294 222 343
503 294 259 222
504 522 1682 521
505 647 651 1477
506 32 1215 43
507 88 1217 86
508 134 1298 1295
509 135 1366 137
510 851 800 1903
511 138 76 104
512 281 327 328
513 416 417 372
514 1373 1960 1964
515 1712 1963 1779
516 420 1805 1802
517 437 349 436
518 13 5 9
519 990 1048 1020
520 650 1476 1449
521 1252 1225 491
522 37 60 19
523 815 716 1902
524 565 1633 585
525 1113 911 856
526 1084 1050 1686
527 530 494 1225
528 16 15 35
529 585 539 538
530 756 757 672
531 119 116 152
532 151 226 150
533 908 1498 1320
534 1637 810 713
535 131 100 1222
536 965 1643 969
537 254 252 1703
538 1222 102 1218
539 1696 289 1702
540 217 1696 1702
541 101 99 1219
542 54 1209 1208
543 1702 290 255
544 919 1646 866
545 1210 24 52
546 867 1609 868
547 53 1212 1216
548 299 228 348
549 1254 1945 1826
550 1230 1227 1240
551 1229 1810 1794
552 437 438 394
553 611 1681 566
554 238 1730 1740
555 275 1751 1739
556 1578 1645 1033
557 1620 1619 1645
558 1235 116 119
559 1233 1718 66
560 1242 1241 1236
561 193 1236 165
562 1242 1236 193
563 1237 1782 1761
564 1238 1760 1747
565 154 229 164
566 360 1783 1332
567 303 229 301
568 120 1241 72
569 1700 482 1455
570 1242 1729 1732
571 130 165 1236
572 154 153 152
573 761 760 1616
574 483 387 484
575 14 44 32
576 1455 484 569
577 1033 1645 1608
578 1244 21 22
579 492 391 1245
580 533 1246 1816
581 480 477 1460
582 1249 1951 1248
583 1249 1248 532
584 522 1460 520
585 574 1845 1843
586 1251 1247 1248
587 574 1827 1253
588 1254 1826 1952
589 1455 483 484
590 348 228 300
591 1255 65 1215
592 18 48 46
593 924 1642 925
594 497 442 441
595 1261 1262 444
596 1556 1262 1261
597 1571 354 400
598 306 354 305
599 231 1263 187
600 1611 1670 875
601 181 1317 214
602 155 158 157
603 91 92 67
604 106 79 181
605 1005 1618 970
606 1234 113 1267
607 105 47 36
608 291 380 1698
609 77 68 105
610 147 1269 148
611 1270 377 351
612 1271 183 1736
613 217 1272 1734
614 256 1273 254
615 256 218 1273
616 289 1743 1703
617 156 1266 158
618 230 265 304
619 323 362 278
620 221 144 259
621 368 367 412
622 279 324 367
623 131 167 126
624 1259 106 141
625 1277 500 1275
626 1261 444 447
627 226 228 227
628 255 265 1735
629 1266 230 158
630 230 304 266
631 979 982 882
632 820 881 882
633 1284 1282 1283
634 170 1299 172
635 1285 202 201
636 200 199 1284
637 177 1726 1721
638 209 8 1287
639 16 49 26
640 1294 1296 1291
641 1294 1291 1953
642 134 1295 103
643 1294 1297 1296
644 175 173 136
645 177 1728 1725
646 139 1723 1721
647 177 1301 1724
648 217 216 1696
649 1696 218 1744
650 245 203 207
651 1306 1363 246
652 212 251 288
653 1692 902 903
654 31 23 334
655 1288 1287 104
656 79 78 181
657 1694 1695 952
658 901 1694 905
659 1311 59 61
660 1312 1310 82
661 40 41 62
662 847 1675 1680
663 1310 143 108
664 843 1693 1692
665 1580 1579 145
666 41 23 31
667 696 615 659
668 1691 1903 1498
669 909 1919 1917
670 909 1917 1592
671 179 214 1317
672 1633 655 713
673 213 252 253
674 1281 334 1289
675 28 29 8
676 38 1279 39
677 1318 109 144
678 1072 982 1013
679 562 566 1641
680 61 37 39
681 339 342 383
682 292 384 381
683 1289 334 1309
684 561 558 512
685 910 953 1594
686 957 1688 956
687 441 351 396
688 1689 1973 1690
689 1639 1996 443
690 224 260 111
691 855 856 1704
692 1456 699 1706
693 956 955 1684
694 262 295 345
695 197 196 239
696 72 1241 197
697 1328 1773 1789
698 316 1330 1746
699 365 1792 410
700 618 619 745
701 361 360 1784
702 365 1784 1792
703 457 453 546
704 537 583 584
705 197 239 194
706 1320 1474 1688
707 277 323 278
708 1333 1775 1752
709 320 1770 1766
710 1687 1907 1893
711 408 1799 1335
712 1336 1800 1785
713 1049 661 1020
714 369 404 405
715 693 793 655
716 1339 1757 1756
717 358 357 1341
718 1081 1420 1079
719 314 309 357
720 505 1343 452
721 1637 713 793
722 980 822 982
723 70 98 127
724 271 1345 313
725 1342 1341 1340
726 235 198 267
727 235 191 188
728 634 508 507
729 451 1343 505
730 994 1026 1052
731 764 765 634
732 633 631 718
733 450 449 544
734 719 1351 720
735 720 1351 1875
736 770 824 774
737 679 682 632
738 463 462 1361
739 1306 1367 1364
740 162 75 51
741 1371 241 1364
742 189 268 190
743 1516 1103 1100
744 1375 328 1711
745 466 513 515
746 464 421 1377
747 1378 371 458
748 1378 458 372
749 458 326 459
750 282 251 283
751 1689 1025 1973
752 778 645 686
753 734 687 645
754 646 602 688
755 1389 1380 560
756 639 683 1357
757 685 1391 1392
758 560 1380 1445
759 1382 554 1393
760 1382 1393 1381
761 1427 826 886
762 827 885 886
763 773 1395 1886
764 1396 1965 1888
765 887 938 885
766 931 878 1397
767 1397 1354 765
768 1399 1400 1435
769 1126 1069 1401
770 1007 973 1402
771 1403 1040 1067
772 1098 1042 1934
773 1072 1071 1012
774 1203 1141 1199
775 1165 1164 1410
776 238 1740 1738
777 1061 1112 1110
778 67 48 91
779 678 716 628
780 1197 1186 1416
781 1417 1187 1168
782 1076 1047 1418
783 1076 1674 1046
784 1081 1108 1420
785 838 840 1423
786 837 1424 838
787 984 1044 988
788 1426 889 1425
789 837 893 1424
790 1427 828 826
791 837 1889 893
792 832 892 890
793 687 734 776
794 1575 950 1580
795 1634 716 678
796 1011 1038 1434
797 935 936 883
798 1450 1970 1969
799 883 825 824
800 1424 893 937
801 1349 1958 1438
802 867 811 1609
803 985 887 983
804 834 894 941
805 895 937 988
806 1105 1106 1125
807 836 835 1447
808 1076 1046 1933
809 1386 772 1440
810 1386 1440 728
811 779 781 1429
812 1428 1968 780
813 1428 889 1426
814 1428 1426 1968
815 889 1444 1425
816 1428 780 828
817 688 600 1445
818 1411 1176 1154
819 1409 1417 1176
820 978 1037 1101
821 635 766 721
822 1153 1061 1446
823 941 939 835
824 939 940 1447
825 613 612 1682
826 915 1518 1925
827 1630 1993 1994
828 1629 1992 1627
829 1323 516 467
830 1323 467 1324
831 604 516 517
832 1630 1531 1993
833 649 784 1452
834 1452 1453 738
835 1628 1599 1598
836 247 331 244
837 1598 1599 1597
838 1454 830 1383
839 1454 1383 732
840 1628 1531 1599
841 485 486 523
842 962 963 1000
843 618 524 619
844 425 476 566
845 521 1460 522
846 617 657 613
847 1535 1503 1054
848 691 656 611
849 1418 1074 1421
850 798 797 1459
851 792 794 793
852 615 614 1461
853 1462 614 696
854 1701 386 1463
855 847 903 848
856 847 796 1675
857 480 1464 477
858 648 690 1971
859 842 788 743
860 797 799 694
861 858 763 804
862 743 1473 786
863 1475 1470 1478
864 648 1853 605
865 604 647 224
866 110 604 517
867 110 1468 647
868 606 650 1468
869 1467 689 651
870 1470 740 690
871 1477 741 787
872 1477 787 296
873 1158 1171 1019
874 865 1625 912
875 1158 1173 1180
876 1156 1178 1483
877 1480 1178 1485
878 1163 1185 1162
879 1486 1156 1143
880 1490 1491 1586
881 1492 946 1491
882 1177 1482 1207
883 1519 712 700
884 1182 1436 1195
885 1484 1155 1206
886 1206 1205 1202
887 1496 1206 1202
888 1207 1195 1497
889 1195 1207 1496
890 1195 1436 1497
891 1411 1186 1176
892 836 1447 892
893 829 1448 776
894 1448 1454 687
895 598 599 1356
896 641 731 642
897 773 1885 1395
898 1396 1888 1886
899 1074 1151 1138
900 1113 856 1683
901 1677 947 1582
902 1105 1018 1106
903 1077 1136 1137
904 1149 1124 1126
905 1434 1406 1040
906 1434 1038 1406
907 1399 1043 1068
908 1677 1582 1916
909 884 975 935
910 692 1676 693
911 553 636 594
912 722 723 594
913 845 899 1581
914 1194 1184 1160
915 1132 1942 1131
916 1006 1055 1066
917 1174 1182 1163
918 1103 1133 1072
919 1104 1505 1504
920 1069 1099 1401
921 1193 1174 1183
922 1123 1122 1500
923 1117 1091 1510
924 672 1633 713
925 1088 1054 1536
926 1070 1539 1935
927 1517 1941 1935
928 870 758 757
929 1149 1126 1159
930 1160 1179 1194
931 1187 1417 1967
932 754 1881 1526
933 863 1520 1896
934 1524 711 808
935 753 1881 1882
936 710 1883 1977
937 710 1977 1975
938 755 804 712
939 709 1530 1659
940 542 508 1344
941 1090 1091 1534
942 1019 1116 1094
943 1521 1976 1524
944 863 1521 808
945 1115 1093 1114
946 1006 1037 972
947 1006 1065 1037
948 1621 1923 1924
949 1055 1533 1066
950 858 1520 916
951 1072 1133 1506
952 154 152 150
953 1135 1132 1131
954 1135 1940 1132
955 1104 1516 1938
956 551 510 553
957 1611 875 927
958 500 1542 540
959 377 1546 351
960 1542 499 497
961 1554 1981 400
962 1554 400 1262
963 499 447 444
964 504 501 1819
965 432 1808 433
966 1560 501 446
967 1554 1979 1981
968 1556 1818 1980
969 572 528 1563
970 526 1564 490
971 527 525 1561
972 1565 1985 1987
973 493 1812 1817
974 1567 1245 487
975 754 712 1519
976 434 1569 1558
977 1568 434 435
978 432 1569 434
979 1555 501 1560
980 1555 1560 1982
981 297 352 347
982 487 1811 1567
983 1557 487 433
984 1557 1572 487
985 1057 1120 1060
986 1334 1957 362
987 1575 1580 1023
988 1576 949 993
989 552 510 551
990 1059 1578 1577
991 1027 1086 1051
992 1121 1147 1148
993 1146 1147 1120
994 1328 1956 1955
995 64 32 44
996 1576 991 1583
997 993 1023 1585
998 1576 1585 991
999 1586 1493 1001
1000 363 1788 1790
1001 1584 1574 946
1002 811 1646 1609
1003 1588 844 845
1004 907 906 1590
1005 1022 1580 145
1006 1487 909 1592
1007 1593 1592 951
1008 894 839 895
1009 925 871 1605
1010 865 1669 1908
1011 1062 1121 1095
1012 1201 1188 1204
1013 1192 1596 1201
1014 1117 1537 1118
1015 1158 1180 1171
1016 1598 1597 1536
1017 923 1609 1610
1018 1668 1991 805
1019 1322 1678 124
1020 924 923 1602
1021 1642 1602 968
1022 740 1471 741
1023 756 867 757
1024 871 1915 1914
1025 362 1785 364
1026 1059 1092 1063
1027 714 1615 759
1028 872 1605 1612
1029 871 1914 1612
1030 813 1616 1900
1031 881 721 934
1032 997 996 1028
1033 1620 1058 1325
1034 1063 1092 1121
1035 1063 1035 1058
1036 576 1844 1250
1037 34 1211 24
1038 44 46 67
1039 576 1831 1850
1040 10 1 1944
1041 5 1716 1717
1042 81 82 59
1043 1671 1948 1949
1044 1671 1835 1948
1045 19 6 20
1046 4 29 20
1047 152 121 1720
1048 1226 1673 1834
1049 535 581 1673
1050 625 581 580
1051 576 1250 580
1052 1034 1618 1036
1053 1035 1036 1005
1054 97 129 1208
1055 1229 1794 395
1056 438 537 440
1057 438 440 394
1058 437 394 349
1059 196 195 1731
1060 121 90 1720
1061 149 88 115
1062 150 116 149
1063 193 164 236
1064 206 246 1305
1065 1237 1761 1759
1066 1237 1950 1782
1067 120 121 153
1068 1242 1732 197
1069 164 153 154
1070 1248 1247 1246
1071 1249 1847 1951
1072 531 1827 1828
1073 1254 1952 1829
1074 531 491 1253
1075 1254 1829 1850
1076 391 390 348
1077 512 460 461
1078 231 232 305
1079 415 414 1713
1080 1712 1779 2000
1081 141 142 183
1082 1230 1240 437
1083 331 332 1374
1084 122 141 1258
1085 122 107 1259
1086 442 397 441
1087 497 441 443
1088 307 397 1260
1089 157 230 266
1090 456 1657 411
1091 1671 1946 1835
1092 1671 530 1946
1093 226 185 228
1094 298 1754 264
1095 96 69 95
1096 2 138 4
1097 440 537 439
1098 255 1735 1737
1099 128 159 1220
1100 161 1220 1221
1101 139 104 76
1102 500 540 1275
1103 1276 589 504
1104 1277 541 1276
1105 1625 1909 1668
1106 40 59 1279
1107 58 26 49
1108 1285 201 169
1109 200 169 201
1110 16 50 49
1111 49 70 51
1112 1294 1953 1719
1113 203 1299 174
1114 199 1733 1724
1115 177 1727 1726
1116 137 174 175
1117 750 705 1880
1118 1288 104 1722
1119 30 41 40
1120 1315 384 292
1121 662 616 618
1122 1281 1289 288
1123 914 1923 916
1124 223 1319 146
1125 381 384 342
1126 292 1316 258
1127 344 382 294
1128 1631 1624 1995
1129 1631 959 1624
1130 1613 1644 1325
1131 21 250 1321
1132 21 287 23
1133 175 136 137
1134 136 1292 75
1135 470 603 110
1136 961 1632 1927
1137 319 1327 1763
1138 319 1763 1762
1139 316 1746 1758
1140 361 316 360
1141 635 637 547
1142 547 593 546
1143 273 274 236
1144 277 1749 323
1145 278 239 1232
1146 1333 1752 276
1147 407 455 1335
1148 407 1799 1787
1149 403 542 452
1150 507 508 403
1151 309 308 359
1152 1339 1756 310
1153 9 6 1213
1154 401 448 355
1155 198 240 279
1156 1369 1345 271
1157 356 358 401
1158 506 550 595
1159 963 858 916
1160 998 995 1932
1161 629 507 506
1162 370 412 506
1163 764 629 681
1164 729 684 642
1165 731 1352 730
1166 720 679 719
1167 770 774 1884
1168 555 459 450
1169 682 641 632
1170 718 1351 719
1171 464 419 421
1172 75 162 135
1173 233 1368 190
1174 87 1215 64
1175 270 1370 268
1176 371 1378 327
1177 1714 43 1215
1178 545 599 555
1179 596 1390 1372
1180 65 1714 1215
1181 1145 1514 1157
1182 172 204 1285
1183 1005 1325 1035
1184 115 114 149
1185 742 732 790
1186 621 1838 1856
1187 685 1392 1388
1188 596 639 1390
1189 1382 1381 1389
1190 638 1860 596
1191 770 1884 1352
1192 621 1855 1838
1193 975 936 935
1194 935 883 824
1195 87 64 114
1196 129 72 194
1197 665 666 1864
1198 819 1354 878
1199 1673 581 582
1200 976 975 1928
1201 1067 1097 1934
1202 664 1665 1666
1203 1408 1407 1198
1204 536 1836 582
1205 22 23 41
1206 840 839 1423
1207 1429 1869 735
1208 836 892 832
1209 520 1682 522
1210 986 1433 940
1211 1009 1040 1039
1212 887 883 936
1213 827 1438 1886
1214 838 1423 782
1215 1017 988 1018
1216 736 1387 1440
1217 780 1441 828
1218 1506 1507 1128
1219 1444 828 1427
1220 1411 1410 1415
1221 1138 1446 1061
1222 829 776 1432
1223 343 262 387
1224 740 741 1466
1225 413 374 282
1226 333 332 1308
1227 468 376 374
1228 1454 732 687
1229 611 566 481
1230 262 222 261
1231 1663 749 1895
1232 428 427 478
1233 428 478 477
1234 426 384 477
1235 480 481 424
1236 842 897 1707
1237 1471 1470 788
1238 738 785 783
1239 859 958 1617
1240 605 1853 603
1241 480 1460 521
1242 740 1469 690
1243 1472 1478 739
1244 1470 690 1478
1245 1476 1853 653
1246 1191 1190 1173
1247 1373 1963 1960
1248 1710 285 284
1249 1486 1178 1156
1250 1483 1480 1189
1251 1146 1140 1156
1252 704 1550 1871
1253 1033 1488 1032
1254 1490 965 920
1255 1169 1494 1482
1256 1203 1202 1205
1257 1484 1206 1169
1258 703 1552 702
1259 560 515 559
1260 1497 1204 1188
1261 775 1885 1877
1262 1164 1137 1166
1263 1372 1379 1393
1264 463 1362 418
1265 1136 1077 1105
1266 190 135 162
1267 1319 144 146
1268 976 1008 1010
1269 1011 932 981
1270 1400 1406 1038
1271 1434 1040 1009
1272 983 936 1010
1273 1404 932 1011
1274 432 434 1809
1275 1012 982 1072
1276 421 415 1708
1277 1568 1564 1984
1278 681 629 595
1279 882 982 822
1280 1557 1983 1573
1281 515 600 601
1282 1029 1503 963
1283 526 1820 1821
1284 1150 1505 1135
1285 1135 1939 1940
1286 1662 1998 1987
1287 1127 1072 1128
1288 1504 1133 1103
1289 1565 1841 534
1290 1119 1144 1122
1291 1537 1510 1514
1292 621 1839 1855
1293 664 1857 1665
1294 670 1649 1660
1295 1115 1515 1088
1296 1516 1100 1935
1297 1201 1204 1192
1298 706 806 751
1299 1026 1168 1087
1300 1523 1913 1922
1301 753 1874 752
1302 809 1899 1898
1303 1065 1006 1066
1304 1102 1936 1937
1305 708 707 1659
1306 1540 1508 1123
1307 1119 1122 1509
1308 1658 1863 1870
1309 780 779 1441
1310 541 1541 1837
1311 423 474 1544
1312 396 351 1807
1313 474 396 1807
1314 667 1866 1865
1315 588 1852 1543
1316 307 398 306
1317 1554 1262 1980
1318 1556 1278 1819
1319 582 581 663
1320 399 389 353
1321 1560 446 1570
1322 446 445 399
1323 528 1664 1563
1324 488 525 1813
1325 488 1813 1814
1326 493 1816 492
1327 298 264 297
1328 353 305 354
1329 297 347 298
1330 801 791 1878
1331 432 346 352
1332 488 1811 1572
1333 315 1760 1238
1334 1060 1092 1577
1335 1025 1027 1051
1336 1156 1140 1086
1337 945 943 1707
1338 1492 900 1589
1339 409 364 1654
1340 366 1653 410
1341 1656 1954 1997
1342 1591 1579 950
1343 363 1791 1786
1344 1328 1767 1773
1345 363 1771 1791
1346 1200 1596 1483
1347 1331 1327 318
1348 319 1655 318
1349 1600 760 759
1350 924 925 873
1351 1603 921 1604
1352 1606 872 1607
1353 320 1768 1762
1354 868 869 757
1355 968 967 922
1356 1610 1609 1587
1357 920 965 926
1358 926 969 966
1359 1063 1058 1059
1360 276 1748 237
1361 1618 876 1926
1362 275 1739 1753
1363 1120 1147 1121
1364 1120 1121 1092
1365 1654 1335 455
1366 864 1912 1911
1367 1697 1545 471
1368 842 1707 896
1369 998 1929 1927
1370 860 1909 1908
1371 750 1880 1879
1372 1628 1598 1627
1373 1630 1994 1931
1374 1631 1988 1925
1375 1601 1615 758
1376 667 1868 1867
1377 814 762 813
1378 898 661 945
1379 1641 1636 609
1380 441 396 1639
1381 849 797 901
1382 498 497 443
1383 922 925 1642
1384 1004 1643 1488
1385 1651 1331 1653
1386 1031 1032 1002
1387 923 869 868
1388 920 1587 1646
1389 1490 920 919
1390 1456 747 699
1391 673 627 672
1392 315 1238 1759
1393 1530 624 668
1394 668 624 623
1395 1658 1649 1858
1396 622 1840 1854
1397 709 1650 1530
1398 533 1822 534
1399 493 1817 1816
1400 387 1463 386
1401 1237 1780 1950
1402 406 1651 366
1403 406 366 411
1404 302 303 1652
1405 851 1904 1890
1406 1691 1919 1999
1407 1239 1796 1795
1408 302 350 1755
1409 363 1786 1787
1410 320 1769 1768
1411 319 1764 1655
1412 322 1775 1766
1413 1656 1774 1954
1414 1334 1770 1955
1415 1656 1997 1798
1416 1658 1870 1660
1417 1665 1859 1856
1418 1661 1842 1986
1419 526 1821 1561
1420 432 1809 1808
1421 667 1867 701
1422 622 1857 1858
1423 1626 1990 1894
1424 666 1868 1872
1425 1661 1998 1838
1426 998 1930 995
1427 1667 995 1621
1428 961 999 1632
1429 1667 1989 1932
1430 1663 705 749
1431 1625 1668 805
1432 302 1652 350
1433 576 580 1831
1434 535 1673 1832
1435 393 439 453
1436 1230 1947 1227
1437 1254 1833 1945
1438 535 580 581
1439 456 455 1657
1440 457 456 411
1441 1517 1974 1943
1442 1336 1956 1790
1443 509 548 553
1444 722 636 767
1445 769 821 882
1446 550 594 723
1447 616 485 523
1448 550 723 595
1449 1651 1327 1331
1450 744 695 694
1451 457 410 453
1452 1014 1106 1018
1453 388 430 523
1454 693 1675 796
1455 618 745 699
1456 850 1693 849
1457 612 657 658
1458 1462 696 695
1459 1057 1051 1140
1460 1113 1683 1050
1461 139 76 1282
1462 1111 1085 1108
1463 1687 1893 1891
1464 1684 994 957
1465 954 955 911
1466 854 901 798
1467 903 1677 848
1468 848 844 796
1469 847 848 796
1470 948 904 947
1471 697 660 617
1472 683 1860 1350
1473 338 1703 252
1474 627 674 586
1475 1544 1546 1978
1476 258 1316 293
1477 252 257 340
1478 425 338 378
1479 423 1544 1806
1480 253 252 254
1481 213 253 1699
1482 140 1317 181
1483 1700 1455 479
1484 911 1113 954
1485 954 1111 1139
1486 1687 1705 1907
1487 110 517 518
1488 955 1474 856
1489 943 430 896
1490 1350 638 684
1491 1249 532 1648
1492 1691 1999 1905
1493 851 1705 1904
1494 575 1847 1846
1495 943 524 430
1496 745 1706 699
1497 745 746 1706
1498 833 834 777
1499 685 1445 640
1500 515 560 600
1501 465 1377 1801
1502 1360 1803 416
1503 700 1527 1519
1504 373 1711 372
1505 480 424 1464
1506 262 261 260
1507 669 580 1250
1508 1320 857 1474
1509 520 613 1682
1510 479 1460 478
1511 662 617 616
1512 1694 952 1579
1513 114 1268 149
1514 1233 1714 65
1515 11 13 43
1516 1292 58 75
1517 1649 670 623
1518 174 1299 173
1519 16 10 15
1520 1705 1920 1906
1521 857 1498 852
1522 864 861 1647
1523 241 281 1363
1524 325 327 281
1525 331 1374 1713
1526 1358 1962 1960
1527 1373 1777 1963
1528 1715 1962 1805
1529 271 326 325
1530 248 285 1709
1531 51 160 162
1532 5 1717 3
1533 9 5 3
1534 2 4 7
1535 7 6 3
1536 13 14 32
1537 79 19 60
1538 1109 1082 1683
1539 746 1049 1082
1540 7 4 20
1541 13 9 14
1542 44 14 46
1543 8 29 4
1544 1026 1684 954
1545 994 1684 1026
1546 226 227 150
1547 97 52 1216
1548 97 1216 1212
1549 197 194 72
1550 814 813 1670
1551 102 101 1218
1552 83 63 146
1553 126 1224 1223
1554 1224 127 98
1555 131 1222 167
1556 341 290 289
1557 54 1208 99
1558 920 1646 919
1559 253 219 1699
1560 1699 180 214
1561 562 425 566
1562 923 868 1609
1563 562 471 425
1564 471 379 425
1565 436 392 1225
1566 1226 1825 1945
1567 583 495 582
1568 196 1731 1730
1569 1232 1741 1751
1570 227 299 229
1571 227 229 154
1572 485 484 387
1573 118 71 89
1574 1235 118 89
1575 116 88 149
1576 149 151 150
1577 130 153 165
1578 315 1745 1760
1579 299 301 229
1580 1239 1795 1783
1581 1701 1463 482
1582 130 120 153
1583 193 165 164
1584 85 44 84
1585 113 1234 112
1586 1251 1248 1951
1587 1251 1849 1845
1588 1250 1848 577
1589 531 1253 1827
1590 530 1252 1826
1591 391 348 300
1592 1003 967 1608
1593 1129 1941 1130
1594 1031 1002 1493
1595 223 111 260
1596 224 296 295
1597 30 22 41
1598 182 141 183
1599 141 106 142
1600 77 106 107
1601 48 18 47
1602 69 48 47
1603 122 1258 156
1604 122 1259 141
1605 157 266 307
1606 442 1260 397
1607 1052 1087 1086
1608 187 1263 124
1609 1104 1103 1516
1610 69 1264 48
1611 91 1265 92
1612 140 179 1317
1613 215 1735 1266
1614 157 232 187
1615 1699 219 180
1616 253 254 219
1617 1269 147 1263
1618 231 225 1263
1619 1694 1579 1591
1620 423 1806 471
1621 148 113 112
1622 215 1266 1736
1623 216 1734 183
1624 217 1734 216
1625 610 565 564
1626 218 142 1273
1627 338 340 378
1628 272 239 278
1629 168 240 163
1630 280 166 272
1631 162 189 190
1632 194 272 166
1633 1678 125 124
1634 1256 95 1274
1635 77 107 94
1636 77 94 68
1637 1277 1275 541
1638 541 589 1276
1639 1662 1824 571
1640 769 724 821
1641 496 585 1638
1642 637 593 547
1643 40 1279 38
1644 1281 288 336
1645 422 375 376
1646 470 376 468
1647 1638 473 496
1648 202 242 251
1649 172 171 1298
1650 203 204 1299
1651 1288 1722 1726
1652 338 379 291
1653 204 203 242
1654 379 380 291
1655 244 242 203
1656 200 1286 199
1657 1300 210 1728
1658 177 1725 1727
1659 208 207 176
1660 1305 1302 1304
1661 1305 1304 208
1662 203 245 244
1663 1270 265 290
1664 496 1547 565
1665 1303 245 207
1666 332 331 1308
1667 586 1553 539
1668 1675 744 1680
1669 844 792 796
1670 906 849 905
1671 62 80 59
1672 383 426 424
1673 383 424 475
1674 852 1498 1903
1675 339 340 257
1676 1691 1918 1919
1677 908 1592 1917
1678 1474 956 1688
1679 1300 1733 1286
1680 1300 1286 212
1681 288 1289 211
1682 220 109 1318
1683 62 109 80
1684 1681 1641 566
1685 609 563 562
1686 1311 1279 59
1687 574 1843 1250
1688 178 109 220
1689 108 78 1310
1690 250 1290 210
1691 288 211 212
1692 1324 518 1323
1693 224 111 516
1694 1495 1690 1973
1695 321 1771 1773
1696 453 410 1792
1697 361 1331 318
1698 1332 1792 1784
1699 1242 197 1241
1700 322 1750 1775
1701 1334 1776 1770
1702 853 1892 1907
1703 407 1335 1799
1704 408 1654 1800
1705 1048 1685 1686
1706 369 367 324
1707 454 412 367
1708 369 454 367
1709 591 1338 590
1710 403 508 542
1711 1075 1081 1079
1712 312 1757 1339
1713 402 313 1757
1714 1048 1080 1685
1715 448 1342 451
1716 449 543 544
1717 1049 746 619
1718 357 309 1340
1719 358 1341 401
1720 356 401 402
1721 550 506 412
1722 765 718 634
1723 630 631 633
1724 719 1347 633
1725 879 824 823
1726 632 641 599
1727 642 1356 641
1728 632 599 545
1729 638 1355 684
1730 633 1347 1348
1731 337 1280 336
1732 771 727 1349
1733 1358 1961 373
1734 420 1802 417
1735 1360 466 465
1736 1370 190 268
1737 270 1369 1370
1738 233 1371 1368
1739 311 313 1345
1740 355 451 449
1741 390 491 392
1742 1373 1964 1708
1743 814 1902 762
1744 420 1803 1801
1745 145 953 1025
1746 1360 1362 1359
1747 1379 1380 1381
1748 952 1594 145
1749 242 283 251
1750 244 283 242
1751 1285 204 202
1752 462 418 459
1753 355 449 326
1754 1384 789 784
1755 685 1388 688
1756 1379 1861 1380
1757 730 1887 1965
1758 730 1965 729
1759 1008 1928 974
1760 775 774 1394
1761 588 1543 1548
1762 932 822 980
1763 931 1397 877
1764 1397 818 877
1765 1548 674 675
1766 1041 1042 1098
1767 976 1928 1008
1768 704 1866 1549
1769 1403 1067 1934
1770 1034 958 1618
1771 981 932 980
1772 1127 1128 1401
1773 1407 1197 1198
1774 1187 1199 1087
1775 1027 1052 1086
1776 1203 1198 1202
1777 1199 1408 1198
1778 1408 1966 1407
1779 1187 1087 1168
1780 1026 1139 1168
1781 701 716 705
1782 1152 1136 1162
1783 1079 989 1046
1784 1081 1419 1083
1785 1075 1046 1674
1786 1083 1419 1421
1787 1110 1083 1421
1788 987 1015 1422
1789 988 1017 894
1790 1428 828 889
1791 737 646 1429
1792 781 1443 1889
1793 839 834 833
1794 892 940 890
1795 1630 999 1531
1796 1600 1615 1601
1797 1039 1008 974
1798 1600 759 1615
1799 933 1402 929
1800 1404 977 933
1801 1480 1482 1177
1802 1152 1413 1167
1803 1469 1972 1970
1804 1326 467 422
1805 654 611 1462
1806 1396 1438 1958
1807 1486 1481 1155
1808 1014 1018 1044
1809 983 1045 1014
1810 611 568 614
1811 989 942 940
1812 1076 1933 1047
1813 1442 688 1388
1814 1442 1388 1387
1815 889 828 1444
1816 1430 1443 1968
1817 777 1385 737
1818 888 938 1425
1819 737 1385 646
1820 835 834 941
1821 1153 1168 1139
1822 1141 1205 1481
1823 1138 1151 1446
1824 1112 1061 1153
1825 1110 1112 1108
1826 831 1448 829
1827 612 613 657
1828 814 1670 815
1829 1053 997 1451
1830 1631 1995 1988
1831 1628 1992 1993
1832 1628 1627 1992
1833 374 469 468
1834 55 54 101
1835 605 607 652
1836 687 643 645
1837 738 739 652
1838 1575 1590 950
1839 949 907 1590
1840 333 1308 286
1841 1590 1591 950
1842 850 849 906
1843 942 891 890
1844 375 1280 376
1845 374 376 337
1846 692 691 1676
1847 1165 1410 1154
1848 569 617 567
1849 656 1681 611
1850 611 614 1462
1851 387 431 485
1852 1700 478 429
1853 429 385 482
1854 483 482 1463
1855 344 343 1465
1856 1469 1970 1971
1857 846 1680 795
1858 1470 1471 740
1859 738 1453 785
1860 606 1468 110
1861 1478 690 648
1862 608 1853 1476
1863 1480 1479 1189
1864 57 1291 73
1865 750 1879 1551
1866 1459 797 660
1867 1481 1143 1142
1868 1484 1169 1485
1869 1483 1178 1480
1870 1484 1486 1155
1871 853 910 557
1872 1142 1087 1141
1873 1622 997 960
1874 1169 1206 1494
1875 799 795 694
1876 1450 1969 1449
1877 1411 1154 1410
1878 1497 1188 1479
1879 822 880 681
1880 729 642 730
1881 775 1394 1885
1882 773 1886 1888
1883 775 1877 1352
1884 191 267 314
1885 1167 1166 1137
1886 1164 1166 1175
1887 1677 1916 844
1888 206 1305 208
1889 104 1287 138
1890 681 880 764
1891 1435 1038 1011
1892 840 895 839
1893 884 935 879
1894 819 879 823
1895 1012 980 982
1896 1499 1131 1160
1897 1499 1160 1161
1898 1150 1135 1131
1899 1103 1072 1013
1900 1070 1100 1013
1901 816 962 971
1902 1088 1515 1502
1903 1029 1054 1503
1904 963 1503 1000
1905 1637 794 1588
1906 1105 1125 1162
1907 1124 1097 1069
1908 1106 1073 1125
1909 1128 1126 1401
1910 810 811 756
1911 1104 1504 1103
1912 1509 1508 1066
1913 1117 1510 1537
1914 1116 1512 1114
1915 1481 1205 1155
1916 1517 1935 1539
1917 1129 1516 1941
1918 713 756 672
1919 1409 1966 1417
1920 1408 1187 1967
1921 959 1518 913
1922 753 1526 1881
1923 33 45 1214
1924 863 1896 1521
1925 864 1913 1522
1926 863 1522 1523
1927 700 663 581
1928 754 1525 1881
1929 753 1882 1883
1930 1525 1975 1977
1931 809 755 1899
1932 809 1897 804
1933 1118 1119 1533
1934 1090 1534 1055
1935 1088 1502 1054
1936 238 1738 1742
1937 1528 1524 1976
1938 1114 1512 1510
1939 1118 1537 1145
1940 1093 1094 1116
1941 1089 1093 1115
1942 1096 1037 1065
1943 55 35 54
1944 1102 1937 1101
1945 1096 1101 1037
1946 978 1101 1070
1947 914 1921 1923
1948 1538 1974 1539
1949 1102 1540 1123
1950 1533 1509 1066
1951 1118 1533 1511
1952 1183 1161 1184
1953 1523 1922 1520
1954 1507 192 1128
1955 1506 1501 1507
1956 1150 1501 1134
1957 1130 1942 1132
1958 1119 1145 1157
1959 1122 1144 1500
1960 541 1275 1541
1961 472 1547 474
1962 822 769 882
1963 701 705 1549
1964 1542 497 1553
1965 620 502 628
1966 1571 400 1981
1967 1557 433 1808
1968 1555 1982 1979
1969 1555 1979 1818
1970 490 435 489
1971 529 490 1562
1972 434 445 435
1973 432 433 346
1974 527 1823 534
1975 488 1814 1812
1976 231 305 297
1977 446 489 445
1978 636 553 549
1979 1560 1559 1571
1980 488 1815 1811
1981 488 1572 525
1982 1051 1057 1056
1983 54 35 1210
1984 1336 1785 1957
1985 510 552 454
1986 1004 1488 1033
1987 1033 1032 1578
1988 1022 1051 1056
1989 1143 1156 1086
1990 1060 1120 1092
1991 364 409 404
1992 1146 1172 1147
1993 1336 1957 1956
1994 904 1582 947
1995 904 899 1582
1996 903 947 1677
1997 1576 1583 902
1998 1584 992 1574
1999 1576 902 949
2000 1489 1574 1493
2001 1489 1491 1574
2002 1492 919 900
2003 408 1800 1788
2004 919 866 900
2005 904 1589 899
2006 910 1593 953
2007 1495 1593 1690
2008 1172 1173 1147
2009 1062 1095 1094
2010 1595 1063 1064
2011 1019 1170 1116
2012 860 1910 1668
2013 1148 1173 1158
2014 1200 1201 1596
2015 1479 1188 1189
2016 1483 1191 1172
2017 1626 1894 1991
2018 1611 927 928
2019 1607 872 812
2020 1600 1606 1607
2021 912 1532 1622
2022 920 926 1587
2023 875 1901 874
2024 874 1901 1612
2025 875 874 927
2026 1614 964 921
2027 1613 1325 1005
2028 1058 1035 1325
2029 874 1612 1914
2030 978 979 934
2031 1437 964 1613
2032 1085 1084 1107
2033 1618 958 876
2034 1034 1028 958
2035 1062 1094 1034
2036 574 1250 1844
2037 535 1833 1831
2038 996 1532 958
2039 10 1944 1716
2040 1228 1947 1948
2041 536 1228 1835
2042 1671 1949 494
2043 159 188 1221
2044 132 1222 1218
2045 710 625 1672
2046 393 1793 1794
2047 246 1363 284
2048 709 710 1650
2049 1365 246 206
2050 1232 1751 277
2051 1650 1672 1529
2052 118 1235 119
2053 316 1758 1761
2054 273 236 1747
2055 1239 1783 1950
2056 90 121 120
2057 1231 195 193
2058 44 67 84
2059 533 578 532
2060 575 1849 1847
2061 574 1844 1827
2062 531 1828 1829
2063 329 1713 414
2064 1708 415 1713
2065 1715 1805 1377
2066 333 1778 1779
2067 46 48 67
2068 333 1777 332
2069 123 125 1256
2070 232 306 305
2071 1710 281 328
2072 1226 1834 1946
2073 407 1657 455
2074 125 157 187
2075 1712 2000 373
2076 1669 862 806
2077 346 263 1754
2078 346 1754 347
2079 1257 92 112
2080 56 138 2
2081 280 272 317
2082 290 265 255
2083 1696 1744 289
2084 1669 806 807
2085 860 1669 807
2086 126 159 128
2087 182 1258 141
2088 93 123 1274
2089 56 2 27
2090 447 1278 1261
2091 1492 1490 919
2092 860 1668 1909
2093 768 820 821
2094 717 763 816
2095 38 28 30
2096 524 618 523
2097 212 243 251
2098 1007 1039 974
2099 1297 171 133
2100 1294 1719 1295
2101 1300 1728 1733
2102 210 1290 1727
2103 200 1284 169
2104 98 50 55
2105 137 75 135
2106 329 244 331
2107 36 19 79
2108 741 788 787
2109 81 1312 82
2110 10 5 15
2111 83 31 42
2112 915 1912 1647
2113 1313 143 178
2114 475 1314 339
2115 73 56 57
2116 179 213 214
2117 30 1243 22
2118 133 1283 1296
2119 109 143 80
2120 1621 916 1923
2121 1284 1283 133
2122 59 80 81
2123 383 342 426
2124 261 1319 223
2125 176 1366 206
2126 648 605 652
2127 874 1603 927
2128 1324 376 470
2129 74 58 1292
2130 224 295 260
2131 321 1765 1763
2132 273 1745 1746
2133 918 1623 917
2134 275 1750 1749
2135 196 1232 239
2136 275 1748 1752
2137 408 1788 1799
2138 369 405 454
2139 370 308 368
2140 405 404 409
2141 9 18 14
2142 359 1343 1340
2143 403 308 370
2144 359 452 1343
2145 1342 401 1341
2146 629 506 595
2147 507 370 506
2148 25 1714 45
2149 1338 630 1337
2150 630 633 592
2151 449 590 543
2152 1349 684 729
2153 727 1350 684
2154 731 682 1875
2155 1353 817 819
2156 679 632 1348
2157 87 114 115
2158 1368 1367 135
2159 234 1370 1369
2160 1371 234 241
2161 270 268 311
2162 371 326 458
2163 1373 1708 1374
2164 333 1375 1778
2165 466 515 1376
2166 514 513 463
2167 325 371 327
2168 554 462 459
2169 115 88 86
2170 686 646 1385
2171 816 972 934
2172 771 1386 726
2173 640 1861 1390
2174 596 1372 556
2175 727 683 1350
2176 639 596 1860
2177 827 1395 885
2178 1396 1958 1959
2179 775 1352 1884
2180 1661 1838 1855
2181 770 725 1353
2182 64 1268 114
2183 822 932 880
2184 1399 1068 1400
2185 27 1 17
2186 1398 930 974
2187 929 1402 973
2188 1540 1065 1508
2189 699 747 698
2190 1010 1008 1042
2191 977 1009 1007
2192 1400 1067 1406
2193 1673 582 1836
2194 1409 1176 1186
2195 1154 1168 1153
2196 1194 1204 1436
2197 1015 1418 1047
2198 1075 1419 1081
2199 1081 1083 1108
2200 837 781 1889
2201 737 1429 781
2202 1710 1375 1709
2203 988 894 895
2204 1431 734 834
2205 1404 1011 1434
2206 1404 933 932
2207 1162 1413 1152
2208 1413 1416 1414
2209 489 446 502
2210 1444 1427 888
2211 986 1422 1433
2212 890 940 942
2213 1016 1047 1439
2214 1429 735 779
2215 838 1424 840
2216 782 1423 833
2217 688 602 600
2218 344 294 343
2219 1323 517 516
2220 469 413 460
2221 645 643 558
2222 414 461 330
2223 831 890 891
2224 807 806 1551
2225 852 800 747
2226 851 1890 1457
2227 1700 479 478
2228 385 1701 482
2229 424 426 1464
2230 1450 653 1971
2231 521 568 481
2232 1475 743 1470
2233 651 650 1449
2234 608 603 1853
2235 787 788 896
2236 842 743 897
2237 787 388 296
2238 648 653 1853
2239 1712 1961 1963
2240 1480 1485 1482
2241 1200 1483 1189
2242 1146 1156 1172
2243 413 461 460
2244 1658 1660 1649
2245 1142 1143 1086
2246 1678 96 1256
2247 464 465 1376
2248 1528 1526 1524
2249 1454 831 830
2250 773 1876 1885
2251 1124 1125 1073
2252 1382 1361 462
2253 1382 462 554
2254 1372 1393 556
2255 1126 1124 1069
2256 1399 1405 1043
2257 817 765 1354
2258 929 818 764
2259 420 417 416
2260 885 825 883
2261 1376 515 512
2262 464 1376 419
2263 1160 1184 1161
2264 979 978 1070
2265 1102 1123 1500
2266 526 1561 1573
2267 971 972 816
2268 1043 1071 1068
2269 529 1824 1820
2270 1104 1938 1939
2271 1661 1986 1998
2272 1183 1184 1193
2273 573 534 1841
2274 573 1842 1839
2275 622 1859 1857
2276 1179 1181 1192
2277 863 808 1522
2278 751 861 808
2279 864 1911 1913
2280 700 625 1527
2281 709 1873 1874
2282 1527 710 1975
2283 1528 1976 1899
2284 670 707 708
2285 752 1873 1659
2286 1197 1416 1196
2287 751 711 707
2288 1119 1509 1533
2289 644 645 561
2290 1030 1006 1000
2291 1535 1054 1502
2292 1500 1942 1936
2293 742 790 1384
2294 1142 1141 1481
2295 1075 1079 1046
2296 664 1862 1863
2297 1580 950 1579
2298 736 1441 779
2299 685 688 1445
2300 587 540 586
2301 587 1837 1541
2302 538 539 498
2303 499 442 497
2304 442 444 1260
2305 1270 351 265
2306 377 1545 1546
2307 1545 380 379
2308 473 396 1547
2309 644 601 686
2310 714 677 675
2311 675 674 673
2312 296 224 647
2313 705 704 1549
2314 704 1871 1866
2315 541 1837 589
2316 587 1543 1852
2317 447 500 1277
2318 353 1559 1570
2319 490 489 1562
2320 529 1562 572
2321 1565 1823 1985
2322 527 1566 1813
2323 399 1558 389
2324 389 1558 1569
2325 446 399 1570
2326 352 305 353
2327 1056 1057 1021
2328 1024 1021 1574
2329 853 557 854
2330 904 1584 1589
2331 1576 993 1585
2332 1491 946 1574
2333 660 797 694
2334 866 810 1581
2335 1588 792 844
2336 1656 1798 1791
2337 661 619 570
2338 320 1765 1767
2339 1595 1034 1036
2340 322 1776 323
2341 321 1774 1771
2342 1192 1181 1190
2343 1200 1188 1201
2344 1088 1597 1089
2345 924 869 923
2346 922 871 925
2347 925 1605 873
2348 1601 758 870
2349 921 1915 922
2350 1329 1764 1768
2351 1603 1915 921
2352 273 1330 1655
2353 193 236 237
2354 812 872 1612
2355 275 1753 1748
2356 1062 1034 1064
2357 238 1742 1739
2358 1063 1595 1035
2359 962 763 858
2360 995 1629 963
2361 408 1335 1654
2362 915 1921 1912
2363 809 804 755
2364 766 717 816
2365 635 717 766
2366 635 547 626
2367 997 999 960
2368 865 912 1623
2369 859 805 749
2370 1663 1990 1880
2371 1535 1030 1503
2372 1029 1627 1598
2373 1629 1930 1994
2374 1621 1924 1988
2375 761 762 1634
2376 676 678 628
2377 716 749 705
2378 665 1666 1635
2379 667 701 1549
2380 589 588 676
2381 692 693 655
2382 519 423 471
2383 472 1640 1547
2384 538 443 1638
2385 565 585 496
2386 854 1695 901
2387 396 473 1639
2388 565 610 655
2389 968 966 967
2390 361 365 1653
2391 1060 1577 1032
2392 302 1755 1238
2393 573 1839 1840
2394 527 534 1822
2395 573 579 534
2396 1566 1830 1817
2397 534 579 578
2398 350 1781 1780
2399 626 584 583
2400 457 546 511
2401 349 1652 303
2402 1687 1891 1904
2403 909 1920 1919
2404 395 1793 1796
2405 361 1653 1331
2406 406 1797 1786
2407 1691 1905 1903
2408 273 1655 274
2409 1329 1655 1764
2410 319 318 1327
2411 1333 1769 1775
2412 321 1772 1774
2413 320 1767 1770
2414 1651 1653 366
2415 406 411 1657
2416 488 1812 1815
2417 702 1660 1870
2418 622 1854 1859
2419 573 1841 1842
2420 529 1820 490
2421 1662 1561 1821
2422 526 1573 1564
2423 1568 1984 1809
2424 666 620 1867
2425 664 1863 1857
2426 702 1862 665
2427 395 1796 350
2428 1663 1895 1990
2429 502 1664 528
2430 667 1865 1868
2431 1665 1563 1666
2432 1662 571 1998
2433 529 572 571
2434 918 917 960
2435 918 913 1623
2436 1624 1929 1989
2437 915 1647 1518
2438 865 913 862
2439 1551 806 1552
2440 1005 1036 1618
2441 815 876 859
2442 1626 1910 807
2443 813 1901 1670
2444 814 815 1902
2445 495 1240 1227
2446 1230 437 436
2447 709 1874 710
2448 1228 1227 1947
2449 535 1832 1833
2450 1251 1845 1253
2451 407 1797 1657
2452 549 548 511
2453 548 509 456
2454 548 456 511
2455 1538 1942 1974
2456 1328 1789 1956
2457 724 768 821
2458 867 756 811
2459 349 394 1652
2460 1196 1413 1185
2461 810 756 713
2462 1170 1019 1171
2463 748 804 763
2464 843 795 799
2465 847 1680 846
2466 1679 660 694
2467 616 617 569
2468 145 1025 1022
2469 1078 1084 1686
2470 802 791 1893
2471 1457 1878 1458
2472 1689 994 1027
2473 908 1918 1498
2474 699 698 662
2475 475 424 476
2476 795 1680 744
2477 843 799 1693
2478 797 849 799
2479 537 584 453
2480 847 846 903
2481 846 843 1692
2482 610 563 609
2483 610 1636 655
2484 585 538 1638
2485 215 1272 1735
2486 296 388 295
2487 111 223 146
2488 1702 289 290
2489 1696 216 218
2490 146 144 83
2491 146 63 111
2492 857 852 1456
2493 1049 1050 1082
2494 1082 1050 1683
2495 1078 1107 1084
2496 855 1706 746
2497 747 1458 698
2498 1249 1648 1851
2499 802 1892 854
2500 854 557 1695
2501 1249 1851 1847
2502 1264 91 48
2503 898 945 897
2504 790 891 1384
2505 527 1822 1566
2506 736 1440 1441
2507 649 607 643
2508 573 1840 623
2509 420 416 1803
2510 514 463 1361
2511 513 559 515
2512 602 601 600
2513 1465 382 344
2514 1495 1973 953
2515 1319 222 144
2516 262 343 222
2517 698 697 662
2518 625 580 669
2519 700 671 663
2520 1690 951 957
2521 1217 89 66
2522 52 1211 1216
2523 9 1213 18
2524 1552 706 702
2525 1285 169 171
2526 852 1903 800
2527 16 35 50
2528 578 579 1648
2529 909 1906 1920
2530 533 534 578
2531 1710 284 281
2532 1715 1964 1962
2533 333 1779 1777
2534 1358 1802 1962
2535 1306 246 1365
2536 1650 1529 1530
2537 1530 668 708
2538 1303 248 245
2539 10 1716 5
2540 1 3 1717
2541 547 584 626
2542 124 125 187
2543 1209 52 1208
2544 1210 35 24
2545 1216 1211 34
2546 393 453 1792
2547 1050 1020 1686
2548 972 978 934
2549 1085 1111 1084
2550 1634 1902 716
2551 7 20 6
2552 1158 1019 1148
2553 1689 1690 994
2554 24 35 15
2555 16 17 10
2556 11 15 5
2557 34 24 25
2558 303 1238 229
2559 1255 86 65
2560 168 132 1219
2561 1218 101 1219
2562 272 194 239
2563 312 269 191
2564 102 100 55
2565 126 128 1224
2566 216 142 218
2567 50 70 49
2568 291 1703 338
2569 1222 100 102
2570 97 1208 52
2571 1492 1491 1490
2572 168 129 166
2573 213 178 252
2574 1209 54 1210
2575 1209 1210 52
2576 1450 1449 1476
2577 530 1826 1825
2578 1228 582 1227
2579 393 1794 439
2580 1229 395 394
2581 1230 436 494
2582 438 495 537
2583 1231 1740 1731
2584 238 1739 1741
2585 1214 66 53
2586 45 1233 1214
2587 227 154 150
2588 205 117 85
2589 1578 1620 1645
2590 72 71 90
2591 90 71 118
2592 316 1761 360
2593 273 1747 1745
2594 393 1332 1795
2595 302 1238 303
2596 390 301 299
2597 1251 1253 1247
2598 1241 120 130
2599 121 152 153
2600 237 1231 193
2601 196 1732 195
2602 205 1234 1267
2603 1619 1644 1003
2604 1003 1608 1645
2605 1243 28 12
2606 38 39 28
2607 28 8 12
2608 492 1247 391
2609 575 1843 1849
2610 575 1846 1848
2611 263 300 228
2612 8 4 138
2613 1517 1943 1941
2614 132 168 167
2615 965 1586 1001
2616 1643 1001 1488
2617 181 214 180
2618 47 105 69
2619 84 205 85
2620 156 155 123
2621 221 259 258
2622 78 140 181
2623 124 112 1265
2624 254 1743 256
2625 228 299 227
2626 117 151 1268
2627 1697 471 1806
2628 96 95 1256
2629 1267 113 151
2630 1234 1257 112
2631 185 148 1269
2632 339 1314 340
2633 215 1736 1734
2634 215 1734 1272
2635 256 1743 1744
2636 317 404 280
2637 252 340 338
2638 168 163 167
2639 1306 1365 1367
2640 159 163 188
2641 55 100 98
2642 1220 161 128
2643 127 128 160
2644 182 156 1258
2645 107 93 94
2646 1259 107 106
2647 93 1274 94
2648 293 178 258
2649 68 95 69
2650 158 155 156
2651 266 397 307
2652 441 397 351
2653 504 1819 503
2654 1633 565 655
2655 226 113 185
2656 230 1735 265
2657 529 571 1824
2658 593 549 511
2659 635 721 637
2660 549 593 637
2661 627 586 539
2662 375 335 1280
2663 610 609 1636
2664 375 422 335
2665 1219 129 168
2666 377 1698 380
2667 139 1282 1723
2668 201 202 243
2669 1 7 3
2670 200 201 243
2671 139 1721 1722
2672 425 379 338
2673 27 2 1
2674 58 57 26
2675 136 75 137
2676 74 1293 1291
2677 74 1292 1293
2678 1297 133 1296
2679 1297 1295 171
2680 1294 1295 1297
2681 172 1298 170
2682 134 136 170
2683 170 173 1299
2684 177 1721 1301
2685 1283 1282 76
2686 199 1724 1301
2687 285 1303 1302
2688 247 244 245
2689 1303 207 1304
2690 207 174 176
2691 256 1744 218
2692 285 1302 284
2693 1640 564 1547
2694 1307 1308 331
2695 1309 334 287
2696 78 82 1310
2697 1693 799 849
2698 795 744 694
2699 56 27 57
2700 31 62 41
2701 538 498 443
2702 63 83 42
2703 908 1917 1918
2704 1320 1688 951
2705 140 1313 179
2706 140 108 1313
2707 1300 212 210
2708 199 1286 1733
2709 1286 243 212
2710 200 243 1286
2711 30 28 1243
2712 1243 1244 22
2713 1636 1641 1681
2714 994 1690 957
2715 259 294 382
2716 109 178 143
2717 261 222 1319
2718 575 1848 1843
2719 857 1456 1474
2720 1477 689 741
2721 221 258 220
2722 250 210 211
2723 209 1290 250
2724 1321 1289 1309
2725 21 1321 287
2726 472 519 1640
2727 645 558 561
2728 91 1322 1265
2729 952 557 1594
2730 1324 470 518
2731 1324 1326 376
2732 63 516 111
2733 301 349 303
2734 363 1789 1771
2735 1329 276 274
2736 273 1746 1330
2737 411 366 410
2738 680 549 637
2739 800 1457 1458
2740 236 164 1238
2741 275 1752 1750
2742 322 1766 1776
2743 802 1893 1892
2744 364 1785 1654
2745 317 362 364
2746 1078 1686 1685
2747 279 368 308
2748 1080 1048 990
2749 189 188 191
2750 309 267 308
2751 1079 1420 1107
2752 311 1756 313
2753 359 1340 309
2754 358 314 357
2755 131 1223 100
2756 1223 98 100
2757 655 793 713
2758 692 655 1636
2759 269 1339 1346
2760 312 356 1757
2761 313 355 271
2762 679 1348 1347
2763 630 592 1337
2764 718 631 634
2765 590 1338 543
2766 1338 1337 543
2767 633 1348 592
2768 590 449 1344
2769 727 684 1349
2770 679 1347 719
2771 725 1875 1351
2772 770 1352 725
2773 731 1875 1352
2774 1353 725 817
2775 819 817 1354
2776 555 597 459
2777 1357 683 726
2778 1712 373 1961
2779 1358 417 1802
2780 1358 373 417
2781 1362 416 418
2782 1360 416 1362
2783 1306 1364 1363
2784 761 1616 762
2785 1053 1451 1089
2786 1368 135 190
2787 259 382 1315
2788 234 233 1370
2789 269 1346 191
2790 1346 268 189
2791 450 544 555
2792 1373 1374 332
2793 1715 1708 1964
2794 333 286 1375
2795 1634 762 1902
2796 715 761 678
2797 1360 465 1803
2798 466 1376 465
2799 172 1285 171
2800 742 649 732
2801 686 1385 733
2802 1440 1387 728
2803 1392 1391 1357
2804 640 1445 1861
2805 1379 1381 1393
2806 556 554 459
2807 638 596 1355
2808 827 1886 1395
2809 773 1888 1887
2810 1396 1959 1965
2811 770 1353 823
2812 1689 1027 1025
2813 880 932 933
2814 1398 974 884
2815 1400 1097 1067
2816 667 1549 1866
2817 983 1010 1045
2818 931 877 1398
2819 1403 1042 1039
2820 1010 1042 1041
2821 1403 1934 1042
2822 1043 1012 1071
2823 1406 1067 1040
2824 1127 1071 1072
2825 1043 981 1012
2826 1197 1407 1186
2827 665 1635 666
2828 1409 1407 1966
2829 1027 994 1052
2830 1409 1186 1407
2831 237 1738 1231
2832 1165 1154 1412
2833 1110 1138 1061
2834 1074 1017 1077
2835 1163 1125 1149
2836 992 991 1585
2837 815 859 716
2838 1175 1186 1415
2839 1075 1674 1419
2840 838 737 781
2841 485 431 486
2842 1430 1889 1443
2843 691 654 1676
2844 1462 695 654
2845 1435 1011 1405
2846 740 1466 1469
2847 1413 1414 1167
2848 1105 1162 1136
2849 1467 1969 1972
2850 984 988 937
2851 1106 1045 1073
2852 673 757 758
2853 1106 1014 1045
2854 60 82 78
2855 839 833 1423
2856 895 1424 937
2857 939 941 986
2858 987 1017 1015
2859 986 987 1422
2860 1433 1422 1016
2861 1077 1018 1105
2862 1016 1015 1047
2863 1439 1933 989
2864 1438 826 771
2865 771 826 772
2866 772 826 1441
2867 1442 1387 735
2868 646 1442 1869
2869 735 736 779
2870 779 1443 781
2871 893 1430 1426
2872 1431 834 835
2873 1679 657 660
2874 659 1679 694
2875 1109 1683 803
2876 1151 1165 1412
2877 1110 1421 1138
2878 1431 836 832
2879 989 1433 1439
2880 831 891 830
2881 1412 1446 1151
2882 998 1632 1931
2883 1667 1621 1995
2884 1631 1925 959
2885 1629 1994 1992
2886 1628 1993 1531
2887 469 607 468
2888 603 470 468
2889 469 460 607
2890 776 1448 687
2891 461 413 330
2892 192 1507 1161
2893 831 829 890
2894 1029 963 1627
2895 566 476 481
2896 852 747 1456
2897 851 1457 800
2898 800 1458 747
2899 478 1460 477
2900 612 658 615
2901 1316 342 293
2902 651 1468 650
2903 846 1692 903
2904 1469 1971 690
2905 1450 1971 1970
2906 842 896 788
2907 1472 1475 1478
2908 1452 738 652
2909 652 739 648
2910 1475 1473 743
2911 696 659 694
2912 606 608 650
2913 606 603 608
2914 650 608 1476
2915 1450 1476 653
2916 651 1449 1467
2917 1469 1466 1972
2918 1403 1039 1040
2919 1076 1418 1674
2920 1626 807 1879
2921 1180 1181 1171
2922 1484 1485 1486
2923 1156 1483 1172
2924 865 1623 913
2925 1710 1709 285
2926 659 658 1679
2927 853 1906 1487
2928 1494 1207 1482
2929 1202 1196 1195
2930 1205 1206 1155
2931 1532 1617 958
2932 1195 1185 1182
2933 1195 1496 1202
2934 1206 1496 1494
2935 1175 1416 1186
2936 1413 1196 1416
2937 1204 1497 1436
2938 1411 1415 1186
2939 642 731 730
2940 730 1352 1877
2941 1399 1435 1405
2942 1351 817 725
2943 718 817 1351
2944 680 721 820
2945 810 1588 845
2946 1500 1131 1942
2947 1102 1500 1936
2948 1013 979 1070
2949 1508 1065 1066
2950 748 763 717
2951 1174 1163 1149
2952 1104 1939 1505
2953 1193 1184 1194
2954 1122 1508 1509
2955 1117 1118 1511
2956 721 766 934
2957 1170 1171 1513
2958 1090 1055 1030
2959 1114 1091 1115
2960 869 870 757
2961 1436 1182 1174
2962 21 23 22
2963 1408 1967 1966
2964 809 1896 1897
2965 809 1898 1896
2966 1523 1522 1913
2967 804 748 712
2968 753 752 1526
2969 1525 1977 1882
2970 1519 1975 1525
2971 754 1528 755
2972 1599 1531 1053
2973 1520 804 1897
2974 1511 1055 1534
2975 1090 1030 1535
2976 1090 1535 1502
2977 1531 999 997
2978 1520 858 804
2979 1116 1114 1093
2980 978 972 1037
2981 1102 1101 1096
2982 1102 1096 1540
2983 915 1924 1921
2984 1540 1096 1065
2985 1517 1539 1974
2986 1131 1500 1144
2987 1055 1511 1533
2988 914 916 1922
2989 1134 1501 1506
2990 1131 1499 1150
2991 1129 1938 1516
2992 587 1541 540
2993 265 351 304
2994 377 380 1545
2995 519 471 562
2996 723 722 769
2997 675 673 758
2998 750 1551 704
2999 1550 1551 1552
3000 1542 1553 540
3001 498 1553 497
3002 587 1852 1837
3003 504 589 628
3004 724 722 767
3005 1556 1261 1278
3006 447 1277 503
3007 1555 1818 501
3008 1556 1819 1818
3009 434 1558 445
3010 1571 1981 1982
3011 1554 1980 1979
3012 572 1562 528
3013 1662 1987 1561
3014 1565 534 1823
3015 1566 1817 1814
3016 184 186 225
3017 1269 1263 186
3018 1560 1570 1559
3019 399 353 1570
3020 1559 353 354
3021 1559 354 1571
3022 225 263 184
3023 509 405 409
3024 1572 1573 525
3025 1557 1573 1572
3026 263 346 300
3027 992 1585 1024
3028 1310 1312 143
3029 1024 1574 992
3030 1577 1578 1032
3031 1057 1031 1021
3032 1025 1051 1022
3033 1334 1955 1957
3034 1589 1584 946
3035 1583 991 948
3036 1586 1489 1493
3037 1336 1790 1800
3038 866 811 810
3039 1492 1589 946
3040 1023 1024 1585
3041 1023 1580 1022
3042 1710 328 1375
3043 1146 1057 1140
3044 860 1908 1669
3045 1621 963 916
3046 1626 1991 1910
3047 1596 1190 1191
3048 1694 1591 905
3049 1190 1181 1180
3050 1596 1191 1483
3051 1200 1189 1188
3052 1451 1094 1093
3053 1160 1144 1179
3054 1088 1536 1597
3055 714 675 758
3056 924 873 869
3057 1603 1604 927
3058 1600 1601 1606
3059 968 1602 966
3060 923 1610 966
3061 815 1611 876
3062 813 1900 1901
3063 874 1914 1603
3064 876 928 1926
3065 1604 1437 928
3066 1644 1614 1003
3067 1062 1064 1121
3068 761 759 760
3069 912 1625 1617
3070 261 223 260
3071 452 542 505
3072 1618 1926 970
3073 1121 1064 1063
3074 1036 1035 1595
3075 741 1471 788
3076 1620 1059 1058
3077 1213 6 19
3078 1831 1833 1850
3079 1716 1944 1717
3080 37 61 60
3081 19 20 37
3082 1948 1947 1949
3083 1835 1228 1948
3084 1213 19 36
3085 9 3 6
3086 33 53 34
3087 11 5 13
3088 1673 1836 1834
3089 163 159 167
3090 54 99 101
3091 248 1303 285
3092 1794 1793 395
3093 439 1810 440
3094 277 1751 1749
3095 152 1720 119
3096 1364 241 1363
3097 90 118 1720
3098 1761 1758 1759
3099 1747 236 1238
3100 1950 1783 1782
3101 669 1529 1672
3102 1732 196 197
3103 195 1729 193
3104 1847 1849 1951
3105 1827 1844 1828
3106 1952 1252 1829
3107 1829 1828 1850
3108 414 415 419
3109 306 232 307
3110 282 330 413
3111 324 280 369
3112 166 324 240
3113 1377 1805 1804
3114 240 168 166
3115 1779 1778 2000
3116 447 499 500
3117 398 444 400
3118 706 1552 806
3119 68 94 95
3120 1946 1834 1835
3121 373 2000 1711
3122 530 1825 1946
3123 1263 147 124
3124 263 228 184
3125 1754 263 264
3126 297 264 231
3127 263 225 264
3128 44 85 64
3129 151 117 1267
3130 216 183 142
3131 1735 1272 1737
3132 95 94 1274
3133 107 122 93
3134 230 157 158
3135 51 58 49
3136 979 882 881
3137 680 820 767
3138 767 820 768
3139 283 330 282
3140 330 329 414
3141 1280 335 336
3142 70 160 51
3143 1953 1293 1719
3144 1625 805 1617
3145 1733 1728 1724
3146 1727 1290 1726
3147 207 208 1304
3148 207 203 174
3149 330 283 329
3150 1307 331 247
3151 8 209 12
3152 862 1518 861
3153 40 38 30
3154 475 339 383
3155 342 339 293
3156 178 257 252
3157 1313 178 213
3158 108 140 78
3159 143 1313 108
3160 180 106 181
3161 37 29 39
3162 1296 1283 73
3163 1604 964 1437
3164 83 144 109
3165 176 137 1366
3166 426 342 384
3167 342 1316 381
3168 259 292 258
3169 1624 1989 1995
3170 258 178 220
3171 209 250 249
3172 1644 1619 1325
3173 1289 1321 211
3174 136 134 1292
3175 422 467 42
3176 467 1326 1324
3177 467 516 63
3178 262 260 295
3179 1326 422 376
3180 134 103 1292
3181 1327 1772 1763
3182 1622 917 912
3183 1763 1765 1762
3184 1746 1745 1758
3185 584 546 453
3186 680 637 721
3187 196 1730 1232
3188 1749 1750 323
3189 1752 1748 276
3190 1799 1788 1787
3191 405 510 454
3192 240 324 279
3193 368 412 370
3194 551 594 552
3195 631 630 591
3196 591 630 1338
3197 508 591 1344
3198 189 161 1221
3199 189 1221 188
3200 370 507 403
3201 591 590 1344
3202 1344 449 451
3203 240 198 163
3204 163 198 235
3205 402 355 313
3206 1340 1341 357
3207 550 412 454
3208 355 326 271
3209 267 191 235
3210 356 312 314
3211 314 267 309
3212 1337 545 544
3213 545 1348 632
3214 597 596 556
3215 1211 52 24
3216 1392 1357 726
3217 1367 1366 135
3218 1627 963 1629
3219 1563 1635 1666
3220 1378 328 327
3221 1345 270 311
3222 449 450 326
3223 1778 1375 1711
3224 89 88 1235
3225 1389 559 514
3226 556 459 597
3227 450 459 326
3228 71 66 89
3229 1384 784 742
3230 782 833 777
3231 1838 571 1856
3232 1387 736 735
3233 1718 65 1217
3234 1391 639 1357
3235 730 1876 1887
3236 886 826 827
3237 885 1395 1394
3238 1959 1958 729
3239 1014 1044 985
3240 666 1872 1864
3241 975 884 1928
3242 1045 1010 1041
3243 884 878 931
3244 1097 1098 1934
3245 1042 1008 1039
3246 1127 1099 1071
3247 1026 954 1139
3248 1446 1412 1154
3249 1153 1139 1112
3250 25 45 33
3251 502 620 1664
3252 1108 1085 1420
3253 894 1017 987
3254 1425 937 1426
3255 941 894 987
3256 628 502 504
3257 1007 1402 977
3258 933 977 1402
3259 879 878 884
3260 1394 825 885
3261 502 446 501
3262 895 840 1424
3263 614 568 1461
3264 1074 1015 1017
3265 1439 1047 1933
3266 612 1461 1682
3267 1441 826 828
3268 1425 938 984
3269 1388 728 1387
3270 1429 646 1869
3271 1442 646 688
3272 602 646 686
3273 1110 1108 1083
3274 1431 835 836
3275 831 1454 1448
3276 829 1432 832
3277 1154 1153 1446
3278 1074 1137 1164
3279 414 419 512
3280 468 605 603
3281 262 345 387
3282 329 331 1713
3283 469 374 413
3284 345 295 431
3285 337 336 288
3286 611 481 568
3287 617 613 567
3288 427 1315 382
3289 1464 426 477
3290 1971 653 648
3291 649 1452 652
3292 785 1473 783
3293 783 1473 1472
3294 208 176 206
3295 1478 648 739
3296 78 79 60
3297 1479 1480 1177
3298 1963 1961 1960
3299 1488 1002 1032
3300 1196 1185 1195
3301 1479 1177 1497
3302 1447 835 939
3303 561 512 515
3304 1885 1876 1877
3305 1045 1041 1073
3306 572 1563 571
3307 1137 1152 1167
3308 1074 1164 1151
3309 458 459 372
3310 1126 1128 1159
3311 1125 1124 1149
3312 1043 1405 981
3313 930 973 974
3314 973 930 929
3315 765 764 818
3316 633 718 719
3317 817 718 765
3318 1564 1983 1984
3319 561 515 601
3320 1983 1564 1573
3321 1573 1561 525
3322 1159 1183 1174
3323 1820 1824 1821
3324 1134 1504 1505
3325 1939 1938 1940
3326 1159 1128 192
3327 1998 1986 1987
3328 1839 1842 1855
3329 1857 1859 1665
3330 1204 1179 1192
3331 1159 1174 1149
3332 687 732 643
3333 1913 1911 1922
3334 1874 1873 752
3335 1899 1976 1898
3336 1091 1117 1534
3337 1094 1095 1019
3338 1510 1512 1514
3339 1091 1502 1515
3340 346 487 1245
3341 346 1245 300
3342 1936 1942 1937
3343 707 711 1659
3344 1539 1101 1538
3345 1863 1862 1870
3346 1157 1144 1119
3347 351 1544 1807
3348 441 1639 443
3349 675 677 1548
3350 1866 1871 1865
3351 716 701 628
3352 532 1248 1246
3353 1562 489 528
3354 1664 1635 1563
3355 1985 1823 1561
3356 1813 1566 1814
3357 1245 1567 492
3358 1816 1246 492
3359 697 791 1459
3360 791 697 1878
3361 346 347 352
3362 1811 487 1572
3363 1031 1060 1032
3364 1031 1493 1021
3365 124 1265 1322
3366 1583 947 902
3367 1489 1586 1491
3368 906 1591 1590
3369 1954 1327 1997
3370 1592 1593 1487
3371 1791 1798 1786
3372 1767 1765 1773
3373 1092 1059 1577
3374 1094 1028 1034
3375 323 1776 362
3376 1771 1774 1791
3377 1596 1192 1190
3378 1089 1597 1053
3379 872 1606 873
3380 922 1915 871
3381 873 870 869
3382 1768 1764 1762
3383 1004 1608 969
3384 965 969 926
3385 1644 964 1614
3386 1614 922 967
3387 715 676 759
3388 762 1616 813
3389 1748 1753 237
3390 1064 1034 1595
3391 1739 1742 1753
3392 669 1250 577
3393 858 963 962
3394 1912 1921 1911
3395 1545 379 471
3396 763 962 816
3397 712 748 671
3398 959 918 961
3399 1929 1624 1927
3400 1909 1625 1908
3401 1880 1990 1879
3402 1994 1930 1931
3403 1988 1924 1925
3404 1654 455 409
3405 627 1633 672
3406 1868 666 1867
3407 620 628 701
3408 509 455 456
3409 1142 1086 1087
3410 472 423 519
3411 562 563 519
3412 1640 519 564
3413 1639 473 1996
3414 849 901 905
3415 586 1543 587
3416 1620 1578 1059
3417 811 866 1646
3418 926 966 1610
3419 673 672 757
3420 627 585 1633
3421 1238 1755 1759
3422 1840 1839 1854
3423 671 583 663
3424 625 710 1527
3425 1817 1830 1816
3426 1780 1781 1950
3427 491 391 1247
3428 546 584 547
3429 436 349 392
3430 1904 1891 1890
3431 1919 1920 1999
3432 1796 1793 1795
3433 350 1780 1755
3434 1792 1332 393
3435 1786 1797 1787
3436 1769 1333 1768
3437 1775 1769 1766
3438 1774 1772 1954
3439 1770 1767 1955
3440 1997 1651 1798
3441 670 668 623
3442 1815 1812 1567
3443 806 862 751
3444 1859 1854 1856
3445 1842 1841 1986
3446 1809 1984 1808
3447 1867 620 701
3448 751 808 711
3449 751 707 706
3450 1857 1863 1858
3451 665 1862 664
3452 350 1796 1781
3453 1990 1895 1894
3454 1868 1865 1872
3455 665 1864 702
3456 1998 571 1838
3457 1930 1629 995
3458 995 963 1621
3459 1989 1929 1932
3460 928 876 1611
3461 958 859 876
3462 1622 960 917
3463 1670 1901 875
3464 710 1874 1883
3465 1833 1832 1945
3466 390 391 491
3467 388 523 486
3468 1974 1942 1943
3469 96 1322 1264
3470 1956 1789 1790
3471 769 722 724
3472 724 767 768
3473 882 821 820
3474 681 595 723
3475 1185 1413 1162
3476 744 1675 693
3477 691 692 656
3478 899 900 1581
3479 693 1676 744
3480 899 845 1916
3481 611 654 691
3482 1051 1086 1140
3483 410 457 411
3484 1050 1084 1113
3485 511 546 593
3486 1685 1080 1107
3487 1893 791 1891
3488 1458 1878 698
3489 657 617 660
3490 476 424 481
3491 907 902 850
3492 1695 1694 901
3493 993 949 1575
3494 1677 844 848
3495 491 1225 392
3496 1546 1697 1978
3497 1266 156 1271
3498 1196 1202 1197
3499 1544 1978 1806
3500 180 142 106
3501 479 520 1460
3502 990 1020 661
3503 1681 656 1636
3504 656 692 1636
3505 255 1737 1702
3506 955 856 911
3507 1111 1108 1112
3508 1111 1112 1139
3509 1705 1906 1907
3510 951 1592 908
3511 577 624 1529
3512 1613 1005 1437
3513 639 1860 683
3514 726 683 727
3515 944 898 841
3516 485 569 484
3517 1851 1648 577
3518 616 523 618
3519 944 1080 990
3520 1999 1705 1905
3521 798 802 854
3522 952 1695 557
3523 1847 1851 1846
3524 1707 943 896
3525 784 649 742
3526 944 841 942
3527 896 430 787
3528 841 789 891
3529 619 746 745
3530 1566 1822 1830
3531 726 1386 1392
3532 777 834 778
3533 777 778 733
3534 623 1840 1649
3535 419 415 421
3536 1377 1804 1801
3537 556 1393 554
3538 956 1474 955
3539 1527 1975 1519
3540 521 481 480
3541 953 1973 1025
3542 387 386 343
3543 382 385 427
3544 144 222 259
3545 615 1461 612
3546 25 43 1714
3547 89 1217 88
3548 116 1235 88
3549 160 189 162
3550 171 1295 1298
3551 702 706 1660
3552 1648 579 624
3553 75 58 51
3554 56 73 76
3555 990 898 944
3556 1962 1964 1960
3557 1777 1779 1963
3558 1962 1802 1805
3559 1530 1529 624
3560 1305 246 284
3561 1283 76 73
3562 661 898 990
3563 397 266 351
3564 18 1213 36
3565 1084 1111 1113
3566 53 1216 34
3567 33 34 25
3568 25 24 11
3569 25 11 43
3570 32 43 13
3571 150 152 116
3572 857 1320 1498
3573 1212 71 72
3574 71 53 66
3575 132 1218 1219
3576 159 1221 1220
3577 1224 98 1223
3578 1224 128 127
3579 1222 132 167
3580 1208 129 99
3581 129 1219 99
3582 71 1212 53
3583 166 129 194
3584 1825 1826 1945
3585 1227 582 495
3586 439 1794 1810
3587 1731 1740 1730
3588 1741 1739 1751
3589 1214 1233 66
3590 1718 1233 65
3591 360 1761 1782
3592 1745 1747 1760
3593 1795 1332 1783
3594 437 1240 438
3595 1247 1253 491
3596 72 90 120
3597 165 153 164
3598 195 1732 1729
3599 483 1455 482
3600 567 1455 569
3601 1849 1843 1845
3602 1848 1846 577
3603 1252 1952 1826
3604 300 1245 391
3605 392 301 390
3606 1941 1943 1130
3607 369 280 404
3608 1488 1001 1002
3609 1004 969 1643
3610 79 105 36
3611 951 908 1320
3612 1642 968 922
3613 84 67 1257
3614 307 1260 398
3615 96 1678 1322
3616 1699 214 213
3617 123 122 156
3618 1735 230 1266
3619 219 1273 180
3620 112 147 148
3621 106 105 79
3622 1268 151 149
3623 47 18 36
3624 69 105 68
3625 1234 84 1257
3626 113 148 185
3627 425 378 476
3628 184 1269 186
3629 185 1269 184
3630 1266 1271 1736
3631 1734 1736 183
3632 219 254 1273
3633 254 1703 1743
3634 1744 1743 289
3635 92 1257 67
3636 340 1314 378
3637 272 278 317
3638 279 267 198
3639 324 166 280
3640 159 126 167
3641 189 160 161
3642 1256 1274 123
3643 105 106 77
3644 503 1819 1278
3645 226 151 113
3646 1212 72 97
3647 681 723 769
3648 351 1546 1544
3649 769 822 681
3650 820 721 881
3651 337 251 374
3652 1281 336 335
3653 1547 496 473
3654 1284 1301 1282
3655 1723 1282 1301
3656 204 172 1299
3657 243 202 251
3658 1301 1284 199
3659 1722 1721 1726
3660 1321 250 211
3661 73 1291 1296
3662 1293 1953 1291
3663 1293 1292 103
3664 170 136 173
3665 210 1725 1728
3666 1725 210 1727
3667 169 1284 133
3668 1301 1721 1723
3669 1303 1304 1302
3670 176 174 137
3671 1698 1270 341
3672 284 1302 1305
3673 1547 564 565
3674 287 334 23
3675 1575 1023 993
3676 1312 81 80
3677 695 744 1676
3678 850 1692 1693
3679 57 27 26
3680 1918 1917 1919
3681 178 293 257
3682 1315 292 259
3683 213 179 1313
3684 210 212 211
3685 335 334 1281
3686 12 249 1244
3687 29 28 39
3688 609 562 1641
3689 83 109 62
3690 60 61 82
3691 292 381 1316
3692 86 1255 87
3693 1843 1848 1250
3694 741 689 1466
3695 69 96 1264
3696 287 1321 1309
3697 249 250 21
3698 334 42 31
3699 85 117 64
3700 785 1453 789
3701 86 87 115
3702 417 373 372
3703 518 470 110
3704 516 604 224
3705 91 1264 1322
3706 1638 443 1996
3707 388 486 431
3708 1684 957 956
3709 606 110 603
3710 266 304 351
3711 1704 1474 1706
3712 1771 1789 1773
3713 1332 1784 360
3714 278 1232 277
3715 1750 1752 1775
3716 1776 1766 1770
3717 1892 1893 1907
3718 1654 1785 1800
3719 1107 1420 1085
3720 235 188 163
3721 313 1756 1757
3722 314 312 191
3723 401 1342 448
3724 448 451 355
3725 1342 1343 451
3726 1337 544 543
3727 1344 451 505
3728 1340 1343 1342
3729 1346 1339 310
3730 1757 356 402
3731 189 191 1346
3732 1756 311 310
3733 1474 1456 1706
3734 629 764 634
3735 508 634 631
3736 629 634 507
3737 1026 1087 1052
3738 1352 1875 725
3739 823 1353 819
3740 682 731 641
3741 1348 545 592
3742 598 1355 597
3743 1356 599 641
3744 588 1548 677
3745 592 545 1337
3746 588 677 676
3747 513 466 1359
3748 206 1366 1365
3749 1365 1366 1367
3750 1089 1451 1093
3751 1345 1369 270
3752 234 1371 233
3753 1364 1368 1371
3754 1368 1364 1367
3755 1370 233 190
3756 310 311 268
3757 371 325 326
3758 241 1369 271
3759 1013 1100 1103
3760 1803 465 1801
3761 463 513 1359
3762 1594 953 145
3763 1389 514 1382
3764 329 283 244
3765 204 242 202
3766 328 1378 372
3767 830 790 1383
3768 737 782 777
3769 1386 728 1392
3770 640 1390 639
3771 639 1391 640
3772 1388 1392 728
3773 1861 1445 1380
3774 1372 1390 1379
3775 938 886 885
3776 1887 1888 1965
3777 1965 1959 729
3778 1928 884 974
3779 984 938 887
3780 931 1398 884
3781 1038 1435 1400
3782 1098 1097 1124
3783 1098 1124 1041
3784 1028 1451 997
3785 1009 977 1404
3786 1401 1099 1127
3787 1099 1068 1071
3788 1199 1141 1087
3789 1231 1738 1740
3790 954 1113 1111
3791 84 1234 205
3792 345 431 387
3793 716 859 749
3794 1015 1074 1418
3795 1419 1674 1421
3796 944 1079 1080
3797 782 737 838
3798 1430 893 1889
3799 988 1044 1018
3800 1432 776 734
3801 760 1607 812
3802 654 695 1676
3803 1009 1404 1434
3804 1405 1011 981
3805 885 883 887
3806 1167 1414 1166
3807 1972 1969 1970
3808 1438 771 1349
3809 868 757 867
3810 1427 886 888
3811 827 826 1438
3812 986 941 987
3813 1016 1422 1015
3814 1017 1018 1077
3815 989 1933 1046
3816 1869 1442 735
3817 1443 779 780
3818 1443 780 1968
3819 1430 1968 1426
3820 686 733 778
3821 834 839 894
3822 601 602 686
3823 1168 1176 1417
3824 1439 1433 1016
3825 1074 1077 1137
3826 1670 1611 815
3827 1931 1632 1630
3828 1049 619 661
3829 1995 1621 1988
3830 959 1925 1518
3831 1992 1994 1993
3832 468 607 605
3833 479 1455 567
3834 512 461 414
3835 1053 1597 1599
3836 1579 952 145
3837 570 619 524
3838 569 485 616
3839 1074 1138 1421
3840 696 614 615
3841 428 1315 427
3842 1314 475 378
3843 693 796 792
3844 1466 689 1467
3845 607 649 652
3846 1475 1472 1473
3847 651 647 1468
3848 647 1477 296
3849 1972 1466 1467
3850 1674 1418 1421
3851 1879 807 1551
3852 1190 1180 1173
3853 959 961 1624
3854 1178 1486 1485
3855 1679 658 657
3856 1487 1906 909
3857 1495 953 1593
3858 712 671 700
3859 695 696 694
3860 1205 1141 1203
3861 1969 1467 1449
3862 1182 1185 1163
3863 1494 1496 1207
3864 940 892 1447
3865 684 1355 1356
3866 1394 1395 1885
3867 1041 1124 1073
3868 936 983 887
3869 1486 1143 1481
3870 1137 1136 1152
3871 1166 1414 1175
3872 1165 1151 1164
3873 803 1683 856
3874 880 929 764
3875 1097 1400 1069
3876 877 930 1398
3877 935 824 879
3878 1501 1499 1161
3879 1501 1150 1499
3880 35 55 50
3881 1000 1006 971
3882 1503 1030 1000
3883 1133 1504 1134
3884 1506 1133 1134
3885 1505 1939 1135
3886 793 794 1637
3887 1506 1128 1072
3888 1122 1123 1508
3889 962 1000 971
3890 1115 1088 1089
3891 1115 1091 1515
3892 1516 1935 1941
3893 1181 1179 1171
3894 1194 1436 1174
3895 1204 1194 1179
3896 1966 1967 1417
3897 1408 1199 1187
3898 1897 1896 1520
3899 1896 1898 1521
3900 700 581 625
3901 1525 1882 1881
3902 1882 1977 1883
3903 755 1528 1899
3904 708 1659 1530
3905 1053 1531 997
3906 1117 1511 1534
3907 1536 1054 1029
3908 1632 999 1630
3909 1738 237 1742
3910 390 299 348
3911 1937 1538 1101
3912 1539 1070 1101
3913 1921 1924 1923
3914 192 1183 1159
3915 1922 916 1520
3916 1171 1179 1144
3917 1132 1129 1130
3918 1129 1132 1940
3919 674 1543 586
3920 540 1541 1275
3921 442 499 444
3922 1697 1546 1545
3923 594 551 553
3924 704 1551 1550
3925 503 1276 504
3926 1837 1852 588
3927 1818 1819 501
3928 1982 1981 1979
3929 1979 1980 1818
3930 502 501 504
3931 445 489 435
3932 435 490 1564
3933 1561 1987 1985
3934 1814 1817 1812
3935 389 1569 352
3936 553 548 549
3937 306 398 400
3938 1571 1982 1560
3939 1815 1567 1811
3940 1031 1057 1060
3941 1024 1056 1021
3942 948 991 992
3943 143 1312 80
3944 1785 362 1957
3945 1022 1056 1023
3946 1024 1023 1056
3947 594 550 552
3948 1146 1120 1057
3949 1172 1191 1173
3950 810 845 1581
3951 1957 1955 1956
3952 899 1916 1582
3953 1584 904 948
3954 947 1583 948
3955 1002 1001 1493
3956 1800 1790 1788
3957 1587 1609 1646
3958 866 1581 900
3959 792 1588 794
3960 900 899 1589
3961 1593 951 1690
3962 1148 1095 1121
3963 125 1678 1256
3964 1910 1991 1668
3965 1513 1171 1144
3966 1513 1157 1514
3967 1173 1148 1147
3968 1029 1598 1536
3969 1894 805 1991
3970 927 1604 928
3971 873 1605 872
3972 1606 1601 870
3973 1033 1608 1004
3974 969 967 966
3975 1532 996 1622
3976 926 1610 1587
3977 805 859 1617
3978 1901 1900 1612
3979 1603 1914 1915
3980 1926 928 970
3981 928 1437 970
3982 964 1604 921
3983 1003 1614 967
3984 922 1614 921
3985 678 676 715
3986 812 1900 1616
3987 117 1268 64
3988 1617 1532 912
3989 964 1644 1613
3990 1003 1645 1619
3991 505 542 1344
3992 760 812 1616
3993 1619 1620 1325
3994 1006 1030 1055
3995 671 748 717
3996 671 626 583
