1 1 1345 1474
2 48 46 65
3 1020 1479 1477
4 1020 408 1479
5 27 1008 41
6 443 1419 1315
7 797 855 829
8 83 43 82
9 1 2 7
10 81 106 1013
11 108 78 57
12 237 1077 205
13 237 205 1340
14 408 359 1015
15 443 480 1018
16 201 224 269
17 1019 363 362
18 233 235 1076
19 1021 1358 165
20 228 1370 1372
21 99 97 1347
22 261 1379 1378
23 250 321 286
24 1019 323 363
25 295 1381 1397
26 1031 163 1356
27 109 1025 1030
28 1032 12 1033
29 440 439 1035
30 438 1416 1038
31 474 1418 1415
32 132 220 193
33 344 1128 1410
34 70 69 1009
35 1343 345 1339
36 1339 339 1125
37 201 269 233
38 1044 328 367
39 379 420 335
40 361 1029 409
41 443 1420 1419
42 105 131 132
43 105 103 131
44 1016 1476 1414
45 156 155 189
46 192 218 187
47 157 1045 187
48 247 285 1375
49 173 1048 98
50 102 154 1047
51 182 120 152
52 136 135 107
53 76 102 103
54 2 59 116
55 815 842 816
56 277 238 170
57 1064 1066 1063
58 175 1063 1066
59 45 1067 44
60 84 1346 1068
61 84 1070 1346
62 149 1351 1355
63 1064 1353 1066
64 39 79 55
65 205 1077 203
66 237 272 1077
67 304 170 234
68 10 14 1
69 117 1349 85
70 206 12 175
71 33 49 46
72 722 719 1206
73 111 145 143
74 18 1033 206
75 184 183 1085
76 49 25 66
77 1080 32 1056
78 1080 48 32
79 184 1085 122
80 1310 1499 1281
81 275 34 274
82 275 346 34
83 649 650 1180
84 427 426 1088
85 830 1465 1288
86 768 804 1268
87 112 144 1073
88 267 1382 1391
89 266 265 1384
90 1094 227 1301
91 262 264 1095
92 261 1378 1366
93 198 1022 1357
94 268 230 1371
95 297 1399 1400
96 294 254 330
97 168 231 254
98 291 329 290
99 291 260 293
100 1310 1469 828
101 294 330 375
102 1023 36 1342
103 373 492 491
104 592 596 562
105 636 684 685
106 373 450 492
107 786 753 825
108 1114 1113 386
109 340 302 342
110 195 1121 201
111 384 1128 385
112 383 342 382
113 1113 340 383
114 1137 1131 1130
115 423 1115 1132
116 422 423 461
117 380 342 302
118 605 531 643
119 1308 1428 469
120 642 604 1134
121 461 1137 462
122 69 1011 51
123 26 50 1009
124 638 1444 1437
125 639 685 686
126 843 819 818
127 1109 631 679
128 838 837 836
129 836 811 810
130 889 1144 888
131 999 996 995
132 1000 997 996
133 548 1240 435
134 869 897 785
135 744 740 780
136 697 698 646
137 605 643 694
138 782 820 783
139 812 839 779
140 639 686 1140
141 976 1151 1153
142 1203 1202 972
143 1142 1443 1165
144 395 429 1177
145 637 597 598
146 688 781 739
147 780 1158 819
148 1168 739 1158
149 565 531 530
150 977 970 959
151 315 283 316
152 692 741 690
153 1149 967 1152
154 316 283 282
155 898 666 616
156 668 1450 618
157 352 350 315
158 468 429 397
159 312 351 314
160 352 396 350
161 116 1063 8
162 496 91 533
163 1179 613 652
164 481 480 545
165 579 580 1231
166 1126 237 1340
167 583 551 582
168 965 937 950
169 967 976 1152
170 492 1110 490
171 592 562 559
172 620 583 1212
173 692 605 1162
174 734 777 773
175 774 679 773
176 1343 1128 345
177 841 817 816
178 523 594 455
179 955 940 1197
180 906 1196 907
181 966 942 931
182 913 889 888
183 1306 433 436
184 162 1199 1195
185 1242 1494 1493
186 925 951 926
187 962 1203 950
188 1202 907 923
189 1305 1427 1425
190 529 381 460
191 991 992 975
192 759 1206 720
193 622 623 586
194 721 1211 1208
195 760 1462 1459
196 1209 1452 1490
197 799 762 831
198 584 1304 620
199 1210 671 719
200 855 910 1172
201 719 583 720
202 1202 923 972
203 1203 951 1202
204 578 1303 1431
205 493 462 1169
206 393 410 325
207 347 391 393
208 579 1433 580
209 413 367 1227
210 483 447 1233
211 1054 448 415
212 485 448 1053
213 1235 328 1044
214 370 415 1055
215 327 368 1237
216 289 252 319
217 434 1412 432
218 401 284 356
219 407 406 1034
220 660 542 574
221 193 192 158
222 661 660 654
223 355 289 1245
224 289 246 252
225 788 751 710
226 911 953 848
227 298 299 1300
228 1299 1500 1092
229 757 712 1261
230 332 1398 1408
231 267 1392 1384
232 648 650 649
233 648 701 650
234 1302 1403 1393
235 1094 1096 229
236 747 650 701
237 613 650 747
238 277 306 1057
239 651 353 318
240 747 544 1338
241 727 729 1270
242 769 1268 1293
243 805 807 1271
244 264 1301 1095
245 666 1336 615
246 227 197 196
247 588 626 557
248 588 625 1275
249 197 1374 1364
250 742 648 1133
251 622 1207 1213
252 760 1459 1461
253 1209 1212 671
254 622 1214 1216
255 799 763 762
256 799 1465 1281
257 723 1457 1282
258 1283 1438 1495
259 830 1468 1467
260 761 1464 1463
261 626 628 589
262 628 1290 558
263 517 448 557
264 655 656 570
265 502 466 465
266 466 428 465
267 661 750 660
268 1043 367 253
269 1189 1256 803
270 803 832 1294
271 482 516 446
272 1026 1379 1376
273 554 555 516
274 511 1426 1422
275 476 475 439
276 1028 1480 1396
277 376 362 444
278 324 287 323
279 322 1406 1404
280 1026 1376 1395
281 296 264 262
282 333 1399 332
283 227 229 197
284 1094 1387 1096
285 266 1385 1388
286 1092 1482 1391
287 1093 1483 1386
288 332 1408 1299
289 190 1027 138
290 620 1304 583
291 407 1034 1411
292 722 1210 719
293 511 1428 1426
294 1242 1493 1424
295 433 404 436
296 1244 358 1241
297 1308 469 1240
298 620 1212 1214
299 1303 1297 1432
300 579 1231 582
301 1028 1396 1407
302 668 1449 1450
303 619 580 581
304 403 414 435
305 548 435 510
306 579 548 1433
307 547 546 1309
308 763 798 759
309 830 1469 1466
310 758 762 1280
311 718 670 1458
312 723 720 1312
313 770 728 675
314 1314 408 437
315 621 1441 1436
316 1016 1417 1315
317 1016 1475 1417
318 438 1038 405
319 437 1015 1038
320 331 456 419
321 523 560 633
322 815 735 778
323 297 1402 1401
324 377 455 454
325 420 560 523
326 1292 1258 673
327 431 430 353
328 1249 788 1260
329 664 1446 654
330 661 654 665
331 507 509 575
332 796 790 1086
333 757 1262 459
334 1327 710 751
335 706 658 703
336 751 787 752
337 446 1233 412
338 280 1051 240
339 1051 310 307
340 395 308 394
341 241 310 280
342 211 243 279
343 241 280 239
344 239 1335 241
345 616 849 872
346 317 399 316
347 481 444 409
348 823 869 785
349 741 823 785
350 783 1156 823
351 1323 711 1337
352 741 701 742
353 712 713 1447
354 507 574 508
355 599 1166 607
356 603 535 529
357 691 742 653
358 530 463 494
359 381 529 499
360 512 1297 1423
361 793 1322 794
362 344 385 1128
363 714 1181 1336
364 1127 421 343
365 421 460 381
366 233 302 303
367 1333 352 398
368 318 354 245
369 315 312 283
370 244 185 282
371 244 213 185
372 533 537 651
373 71 1011 69
374 112 1073 1070
375 113 1118 115
376 711 663 1326
377 116 59 85
378 340 341 302
379 1124 1112 1486
380 344 1410 1112
381 360 286 359
382 544 871 849
383 536 500 1171
384 1038 1015 405
385 17 47 16
386 467 1289 482
387 900 872 849
388 437 408 1015
389 13 11 29
390 482 446 445
391 587 624 553
392 127 156 126
393 755 715 1086
394 1292 673 587
395 803 1294 807
396 209 207 1335
397 1330 239 1334
398 181 1330 1334
399 82 80 1012
400 42 1004 1003
401 1334 240 210
402 764 1296 724
403 1005 21 40
404 674 1272 725
405 41 1007 1010
406 248 189 249
407 1040 1475 437
408 1020 1017 1029
409 1019 362 1405
410 360 361 323
411 503 1321 464
412 198 1357 1363
413 228 1372 1362
414 1252 1295 859
415 1023 1011 52
416 1031 1030 1025
417 163 1025 139
418 1031 1025 163
419 1027 1380 1368
420 130 190 138
421 295 1397 322
422 251 190 250
423 100 1030 57
424 1333 398 1175
425 1031 1356 1359
426 109 139 1025
427 130 129 128
428 628 627 1276
429 399 317 400
430 9 35 26
431 1175 400 468
432 859 1295 1271
433 1033 18 19
434 406 249 1034
435 440 1035 407
436 348 351 396
437 1037 1036 439
438 1040 437 1038
439 1175 399 400
440 69 51 1009
441 769 1293 770
442 411 365 364
443 1238 253 328
444 192 1045 158
445 677 1313 731
446 153 1084 179
447 131 133 132
448 74 75 53
449 87 62 153
450 1024 94 1048
451 86 15 30
452 60 54 86
453 104 1050 124
454 1051 307 288
455 209 120 182
456 102 1047 133
457 184 122 213
458 81 141 106
459 88 87 119
460 1054 413 1053
461 1044 367 370
462 156 189 188
463 210 219 180
464 1047 191 133
465 815 816 736
466 681 735 736
467 1061 1059 1060
468 144 1074 146
469 1062 170 143
470 149 1353 1348
471 175 8 1063
472 13 38 14
473 1069 1071 1067
474 1069 1067 1481
475 112 1070 84
476 1069 1072 1071
477 115 147 114
478 149 1355 1352
479 117 1350 1348
480 149 1075 1351
481 181 154 1330
482 1330 120 1365
483 203 171 174
484 177 170 238
485 1327 751 752
486 25 20 274
487 1064 1063 85
488 62 61 153
489 750 1329 754
490 1080 46 48
491 1081 1079 65
492 707 1317 1320
493 1079 121 89
494 703 1328 1327
495 1253 789 123
496 33 20 25
497 573 506 543
498 151 179 1084
499 1289 540 587
500 178 207 208
501 1058 274 1065
502 23 4 8
503 31 1056 32
504 1085 90 122
505 892 816 842
506 48 17 32
507 279 281 313
508 242 314 311
509 1065 274 1078
510 463 460 421
511 757 792 1262
512 796 1086 795
513 364 288 325
514 1324 792 1325
515 325 392 366
516 186 214 92
517 666 714 1336
518 1176 575 615
519 795 794 1322
520 167 166 199
521 57 1030 167
522 1093 1392 1401
523 262 1095 1367
524 298 376 299
525 296 295 298
526 379 376 451
527 444 481 451
528 167 199 164
529 1096 1394 1373
530 266 1389 1385
531 1323 1456 1448
532 334 1409 378
533 1098 334 263
534 616 544 849
535 232 263 331
536 570 656 540
537 293 292 1101
538 895 1155 869
539 260 255 292
540 1292 587 656
541 224 1104 259
542 1102 1101 1100
543 522 418 417
544 827 853 854
545 630 631 522
546 521 418 591
547 591 1106 592
548 592 1106 596
549 636 685 639
550 559 562 520
551 383 382 1115
552 1076 1119 1116
553 135 58 38
554 1122 201 1116
555 159 221 160
556 1126 233 303
557 386 422 424
558 384 345 1128
559 301 270 380
560 1324 851 792
561 643 531 565
562 605 566 531
563 532 493 567
564 1137 1130 462
565 525 563 1111
566 564 526 1138
567 462 1130 1169
568 1132 457 1139
569 1132 1139 1131
570 739 687 688
571 638 1141 1443
572 1142 1444 1445
573 737 781 686
574 775 733 1109
575 1143 1144 863
576 932 889 934
577 836 810 1145
578 892 891 841
579 1000 947 997
580 968 967 1149
581 198 1363 1361
582 882 922 920
583 53 37 74
584 558 590 517
585 995 985 1153
586 1148 986 970
587 896 1316 869
588 895 899 1155
589 697 1157 698
590 697 744 1157
591 739 689 687
592 697 1161 744
593 692 743 741
594 566 605 641
595 1249 789 1253
596 1290 590 558
597 840 863 1163
598 737 686 685
599 1157 744 780
600 819 737 818
601 694 745 784
602 746 780 822
603 918 919 931
604 696 695 1170
605 896 869 1470
606 644 646 1160
607 1159 1161 645
608 1159 740 1161
609 740 1168 1158
610 1159 645 689
611 567 493 1169
612 452 632 593
613 784 782 695
614 782 783 1170
615 761 1206 1464
616 1286 1497 1284
617 1088 425 387
618 1088 387 1089
619 496 425 426
620 535 648 1173
621 1285 874 1265
622 203 271 202
623 1265 874 904
624 1174 691 603
625 1285 1218 874
626 400 318 430
627 349 395 464
628 395 396 429
629 508 542 429
630 1222 856 875
631 568 541 503
632 870 894 1154
633 655 657 656
634 506 505 1177
635 1178 505 573
636 707 752 708
637 707 659 1317
638 702 652 613
639 660 662 571
640 716 617 667
641 613 1180 650
642 1182 1179 1183
643 496 533 186
644 91 496 426
645 91 536 533
646 1179 611 534
647 963 973 848
648 723 1282 758
649 963 974 981
650 961 979 1186
651 1189 1190 1256
652 1191 786 1190
653 1207 586 576
654 982 1164 993
655 1002 1001 999
656 978 993 1192
657 993 978 999
658 993 1164 1192
659 696 1170 743
660 641 1174 566
661 492 450 1110
662 527 602 528
663 638 1442 1141
664 1142 1445 1443
665 894 956 944
666 921 714 898
667 708 787 1254
668 918 847 919
669 847 942 943
670 954 930 932
671 1163 863 864
672 1143 867 888
673 708 1254 704
674 738 779 737
675 569 1318 570
676 456 523 455
677 594 489 455
678 705 748 724
679 992 984 965
680 938 1473 937
681 809 876 887
682 975 982 966
683 842 939 892
684 917 1197 939
685 889 913 934
686 991 975 983
687 924 907 1202
688 553 1289 587
689 904 875 1223
690 890 1225 914
691 727 625 624
692 954 932 964
693 965 980 992
694 986 1148 1487
695 622 1439 1214
696 721 1208 1451
697 1212 583 671
698 621 1439 1440
699 585 1441 1491
700 585 1491 1489
701 623 667 586
702 584 1217 1304
703 330 418 1103
704 906 907 1221
705 848 923 910
706 1209 1490 1212
707 721 1209 671
708 809 814 778
709 809 886 814
710 1279 1461 1463
711 876 1220 887
712 716 1208 760
713 892 939 1198
714 130 128 126
715 941 938 937
716 917 914 935
717 413 1227 447
718 307 1229 288
719 1227 367 411
720 355 1236 356
721 1235 1234 328
722 470 435 1240
723 433 1241 404
724 434 432 1239
725 1242 1239 1494
726 407 1411 1243
727 622 586 1207
728 357 1245 1237
729 1244 357 358
730 355 1245 357
731 1234 414 369
732 1234 369 1492
733 246 289 285
734 1236 401 356
735 1236 1247 401
736 878 927 881
737 1249 1253 852
738 1250 788 826
739 880 1252 1251
740 854 902 873
741 928 927 953
742 1093 1484 1483
743 50 26 35
744 1250 824 1255
745 826 852 824
746 1256 1188 832
747 297 1400 1402
748 674 1296 1272
749 1258 704 705
750 851 1253 123
751 712 756 1261
752 745 699 746
753 723 1312 1457
754 883 928 911
755 980 1264 987
756 924 951 925
757 963 981 973
758 1265 904 1223
759 768 1272 1273
760 1311 1496 668
761 1087 1319 104
762 769 768 1268
763 1293 1268 806
764 587 674 624
765 880 908 884
766 588 1275 626
767 676 1276 1454
768 735 593 778
769 884 908 928
770 884 861 879
771 28 1006 21
772 35 15 53
773 474 478 1418
774 10 1 1474
775 5 1344 1345
776 64 65 46
777 1314 1478 1479
778 1314 1420 1478
779 16 6 17
780 128 101 1347
781 1016 1315 1419
782 442 479 1315
783 514 479 478
784 860 1278 862
785 861 862 808
786 78 108 1003
787 1019 1405 324
788 361 444 363
789 361 363 323
790 360 323 286
791 166 165 1358
792 101 73 1347
793 125 71 96
794 126 97 125
795 163 138 196
796 1026 1381 1379
797 1026 1480 1381
798 100 101 129
799 1031 1359 167
800 138 129 130
801 1036 406 1035
802 1037 473 1036
803 438 472 1415
804 1040 1038 1416
805 438 405 1039
806 1040 1416 1418
807 421 381 338
808 192 193 252
809 119 120 154
810 1020 1029 360
811 271 272 1125
812 365 326 364
813 411 364 366
814 220 326 1043
815 132 191 220
816 1314 1476 1420
817 1314 437 1476
818 247 1375 218
819 2 116 4
820 363 444 362
821 210 180 181
822 117 85 59
823 413 447 1053
824 33 46 1056
825 45 14 38
826 13 39 38
827 1069 1481 1346
828 171 1074 147
829 169 1360 1351
830 149 1354 1353
831 619 581 1307
832 1064 85 1349
833 312 314 242
834 1058 1065 238
835 311 314 281
836 242 1083 212
837 283 312 244
838 1287 1281 1499
839 1287 798 1281
840 114 84 58
841 389 495 91
842 799 1288 1465
843 265 1092 1382
844 262 1367 1378
845 296 262 295
846 452 420 451
847 226 227 196
848 230 199 1022
849 1096 1373 229
850 333 1409 1399
851 417 418 330
852 255 254 294
853 222 1377 256
854 329 371 290
855 168 200 231
856 1121 1104 224
857 291 293 329
858 416 454 489
859 801 716 760
860 830 828 1469
861 518 417 416
862 300 336 416
863 630 518 561
864 602 1107 601
865 592 559 591
866 636 639 640
867 562 527 520
868 384 343 345
869 58 135 113
870 194 1120 160
871 70 1009 50
872 223 194 221
873 1342 26 1009
874 51 1342 1009
875 146 172 1062
876 808 1090 861
877 96 95 125
878 535 603 653
879 511 1421 1428
880 564 1138 1136
881 490 525 1123
882 1132 1131 1137
883 636 640 1107
884 511 1427 1421
885 70 50 95
886 108 57 164
887 547 548 579
888 680 1109 733
889 1315 479 480
890 864 912 866
891 546 1308 1309
892 443 1315 480
893 19 20 33
894 696 743 692
895 820 1156 783
896 838 864 837
897 688 1165 1443
898 698 700 647
899 846 822 847
900 645 1166 689
901 1198 1199 934
902 1168 689 739
903 977 1149 1152
904 944 958 882
905 690 641 692
906 282 216 317
907 611 612 537
908 337 304 234
909 388 306 304
910 1174 603 566
911 503 464 395
912 216 185 215
913 1307 618 1450
914 351 350 396
915 348 314 351
916 702 747 1338
917 612 1179 652
918 609 649 610
919 717 797 1277
920 348 396 395
921 1180 1183 610
922 1179 534 1183
923 500 497 534
924 990 989 974
925 949 979 961
926 1186 979 988
927 952 946 961
928 859 1187 858
929 1189 803 765
930 1000 999 1001
931 960 1002 971
932 579 582 578
933 462 424 461
934 1192 992 987
935 640 1442 1437
936 967 943 969
937 1123 1129 1139
938 383 340 342
939 942 847 918
940 160 113 135
941 215 122 92
942 812 837 839
943 840 776 817
944 1144 864 863
945 1163 864 838
946 818 779 839
947 1146 776 840
948 355 357 1244
949 841 816 892
950 345 339 1339
951 1244 1241 1236
952 561 518 489
953 736 816 683
954 424 493 494
955 955 1197 941
956 933 892 934
957 1242 1424 441
958 926 950 929
959 511 1422 1427
960 546 1429 1308
961 909 1204 904
962 987 992 980
963 582 669 583
964 853 970 903
965 1211 1460 1462
966 621 1436 620
967 672 1453 1452
968 886 809 887
969 916 1471 1224
970 550 583 1304
971 1226 1200 929
972 926 929 1201
973 645 644 1166
974 347 393 1228
975 325 288 393
976 549 580 1433
977 1235 1055 414
978 480 479 545
979 327 319 252
980 369 368 327
981 402 432 1412
982 402 1412 1413
983 247 218 246
984 246 285 247
985 355 284 289
986 402 401 1247
987 261 1380 1027
988 881 908 1251
989 851 854 873
990 961 946 902
991 544 431 1338
992 1191 749 1259
993 331 263 334
994 1302 1482 1500
995 297 1403 1398
996 1093 1386 1392
997 297 1390 1403
998 998 1264 1186
999 265 1301 264
1000 1266 627 626
1001 769 770 729
1002 730 766 1269
1003 1270 675 627
1004 266 1387 265
1005 725 726 624
1006 806 805 767
1007 1273 1272 1257
1008 765 803 771
1009 771 807 804
1010 884 879 880
1011 229 1369 197
1012 228 1362 1374
1013 927 928 908
1014 1331 309 390
1015 702 1338 353
1016 830 1466 1465
1017 718 1282 1457
1018 619 1307 1438
1019 1285 1265 1284
1020 1218 1498 1468
1021 1287 1279 1464
1022 1267 1275 625
1023 549 1435 1434
1024 709 660 750
1025 412 411 366
1026 767 770 1293
1027 835 1294 1187
1028 1299 264 1300
1029 850 858 833
1030 768 726 725
1031 765 1257 1296
1032 1189 765 764
1033 554 516 553
1034 261 1027 1379
1035 1217 513 550
1036 550 513 477
1037 512 1423 1426
1038 584 1298 1217
1039 440 434 441
1040 1026 1395 1480
1041 332 1299 299
1042 332 299 335
1043 1028 1407 1406
1044 251 287 1376
1045 297 1398 1399
1046 266 1388 1387
1047 265 1383 1301
1048 268 1394 1385
1049 1302 1393 1482
1050 1097 1389 1483
1051 1302 1500 1408
1052 1308 1430 1428
1053 1305 1425 1493
1054 355 1244 1236
1055 549 1434 577
1056 512 1429 1297
1057 1283 1495 1449
1058 1305 1306 1421
1059 830 1467 828
1060 1310 828 1279
1061 799 831 1288
1062 1310 1281 1469
1063 1307 581 618
1064 1282 1311 668
1065 442 1315 1417
1066 322 362 376
1067 1020 1477 1017
1068 1040 1418 1475
1069 442 478 479
1070 1205 1488 1473
1071 1098 1484 1402
1072 331 453 456
1073 594 523 633
1074 635 682 736
1075 454 455 489
1076 507 400 430
1077 1299 1092 264
1078 614 572 571
1079 379 299 376
1080 843 919 847
1081 318 353 430
1082 570 1317 659
1083 509 615 575
1084 710 1328 709
1085 504 542 506
1086 1178 573 572
1087 878 873 946
1088 921 898 872
1089 117 59 1059
1090 921 901 899
1091 1323 1448 1446
1092 1322 827 796
1093 793 794 714
1094 713 750 661
1095 708 704 659
1096 707 708 659
1097 574 542 508
1098 278 1335 207
1099 516 555 483
1100 212 1083 243
1101 349 278 308
1102 208 207 209
1103 178 208 1332
1104 118 1084 153
1105 1333 1175 397
1106 714 921 793
1107 793 921 945
1108 1323 1337 1456
1109 91 426 427
1110 794 1181 714
1111 1037 439 475
1112 1326 1337 711
1113 693 694 642
1114 564 1169 526
1115 424 462 493
1116 576 1215 1207
1117 216 215 214
1118 1086 715 1181
1119 1329 791 789
1120 95 1049 125
1121 1023 1342 51
1122 11 9 26
1123 84 45 58
1124 1297 551 477
1125 13 10 11
1126 201 233 1076
1127 271 1125 339
1128 1343 1485 1410
1129 224 270 269
1130 205 236 1340
1131 5 1345 3
1132 9 5 3
1133 2 4 7
1134 7 6 3
1135 62 16 47
1136 7 4 17
1137 35 9 15
1138 853 1322 793
1139 827 1322 853
1140 156 188 126
1141 78 40 1010
1142 78 1010 1007
1143 167 164 57
1144 629 676 1313
1145 66 34 92
1146 106 1014 1013
1147 1014 55 79
1148 280 240 239
1149 42 1003 80
1150 765 1296 764
1151 208 182 1332
1152 1332 152 179
1153 768 725 1272
1154 464 390 349
1155 390 309 349
1156 359 321 1015
1157 1016 1414 1475
1158 481 409 480
1159 166 1358 1357
1160 188 248 190
1161 188 190 130
1162 99 56 72
1163 97 71 125
1164 125 127 126
1165 109 129 139
1166 261 1366 1380
1167 248 250 190
1168 1028 1406 1397
1169 315 316 398
1170 109 100 129
1171 163 139 138
1172 68 35 67
1173 94 1024 93
1174 1036 473 1039
1175 438 1039 472
1176 834 805 1271
1177 935 1205 936
1178 850 833 1188
1179 24 19 33
1180 102 119 154
1181 119 87 120
1182 60 87 88
1183 102 88 119
1184 365 1043 326
1185 854 903 902
1186 158 1045 104
1187 917 842 914
1188 118 151 1084
1189 132 193 158
1190 1332 182 152
1191 208 209 182
1192 1050 104 1045
1193 192 187 1045
1194 1329 789 754
1195 347 1228 390
1196 124 94 93
1197 181 180 154
1198 502 467 466
1199 278 211 308
1200 225 199 230
1201 142 200 137
1202 232 140 225
1203 135 159 160
1204 164 225 140
1205 1319 105 104
1206 1041 77 1052
1207 60 88 54
1208 1054 1053 448
1209 1306 436 469
1210 635 595 682
1211 410 482 392
1212 33 1056 31
1213 1058 238 276
1214 346 305 306
1215 389 306 388
1216 146 145 1073
1217 171 172 1074
1218 1064 1349 1353
1219 278 309 241
1220 309 310 241
1221 177 176 1355
1222 149 1352 1354
1223 204 236 148
1224 171 203 202
1225 1051 219 240
1226 483 1233 446
1227 1317 614 1320
1228 704 655 659
1229 710 709 754
1230 49 63 46
1231 313 348 394
1232 663 715 1326
1233 755 1261 756
1234 1181 795 1086
1235 238 1065 176
1236 183 90 1085
1237 49 90 63
1238 1321 501 464
1239 501 465 464
1240 1080 1056 46
1241 150 90 183
1242 89 61 1079
1243 18 1066 176
1244 238 176 177
1245 1089 427 1088
1246 186 92 425
1247 267 1390 1392
1248 322 376 298
1249 1031 167 1030
1250 268 1371 1394
1251 712 1447 1456
1252 333 378 1409
1253 871 897 849
1254 232 231 200
1255 377 336 231
1256 232 377 231
1257 487 1099 486
1258 258 1377 222
1259 291 259 1377
1260 871 785 897
1261 371 1102 374
1262 372 449 373
1263 292 255 1100
1264 293 1101 329
1265 454 416 336
1266 631 591 522
1267 519 418 521
1268 591 559 521
1269 733 685 684
1270 520 527 450
1271 528 1110 527
1272 524 490 528
1273 521 559 488
1274 277 1057 276
1275 637 598 1105
1276 344 1112 341
1277 1114 386 385
1278 194 160 221
1279 223 1121 194
1280 194 1122 1120
1281 257 259 1104
1282 290 374 372
1283 320 405 321
1284 1124 1486 1339
1285 344 1114 385
1286 123 792 851
1287 1114 340 1113
1288 1129 1130 1131
1289 791 1262 123
1290 171 234 170
1291 202 234 171
1292 1062 172 170
1293 382 342 380
1294 290 372 270
1295 564 1136 567
1296 601 1444 600
1297 837 812 811
1298 640 639 1140
1299 485 555 1230
1300 776 683 816
1301 775 1109 679
1302 1230 555 556
1303 860 797 1278
1304 817 776 816
1305 986 997 903
1306 1000 996 999
1307 986 903 970
1308 853 945 970
1309 577 590 581
1310 895 1154 899
1311 895 869 1316
1312 920 899 1154
1313 821 844 1156
1314 822 846 745
1315 1159 689 740
1316 608 532 1160
1317 699 694 693
1318 743 783 741
1319 1266 1275 1267
1320 1266 626 1275
1321 777 1145 773
1322 1146 813 777
1323 1091 387 346
1324 539 503 1178
1325 1142 1165 1105
1326 949 1185 960
1327 843 847 819
1328 818 868 843
1329 503 395 505
1330 823 741 783
1331 896 1470 870
1332 1167 567 1136
1333 1167 1136 1135
1334 740 689 1168
1335 642 1134 608
1336 739 781 1158
1337 608 1134 532
1338 695 694 784
1339 958 970 945
1340 947 1001 1185
1341 944 956 958
1342 922 882 958
1343 920 922 899
1344 504 429 542
1345 629 1313 677
1346 874 829 1172
1347 1287 1499 1279
1348 1285 1497 1218
1349 1285 1284 1497
1350 43 42 82
1351 497 499 538
1352 566 529 531
1353 609 610 538
1354 1249 1260 789
1355 788 710 1260
1356 273 272 237
1357 1260 754 789
1358 305 1057 306
1359 304 306 277
1360 569 568 1318
1361 968 1149 959
1362 541 1321 503
1363 503 505 1178
1364 317 354 400
1365 1333 396 352
1366 352 315 398
1367 399 398 316
1368 706 1320 658
1369 1179 612 611
1370 609 1173 649
1371 498 536 91
1372 979 1184 988
1373 619 1438 1232
1374 1185 949 948
1375 712 757 459
1376 948 903 947
1377 971 1002 978
1378 662 658 571
1379 977 959 1149
1380 1192 987 1184
1381 683 734 561
1382 600 528 601
1383 640 1140 1442
1384 638 1443 1445
1385 640 1437 1107
1386 161 168 260
1387 957 969 943
1388 967 969 976
1389 85 1063 116
1390 561 734 630
1391 700 746 699
1392 738 737 733
1393 680 733 684
1394 1193 937 965
1395 1193 965 162
1396 955 941 937
1397 890 914 842
1398 632 800 809
1399 904 1204 1196
1400 801 856 800
1401 1292 657 1258
1402 918 931 942
1403 930 912 889
1404 919 893 931
1405 673 674 587
1406 917 939 842
1407 1201 1200 887
1408 924 1202 951
1409 1185 1001 960
1410 1205 914 1225
1411 935 914 1205
1412 997 986 1487
1413 798 1206 759
1414 621 1214 1439
1415 27 36 1008
1416 721 1451 1209
1417 722 1460 1210
1418 721 1210 1211
1419 576 545 479
1420 622 1213 1439
1421 621 1440 1441
1422 1213 1489 1491
1423 672 623 1453
1424 925 926 1220
1425 906 1221 876
1426 904 1196 875
1427 198 1361 1364
1428 1216 1212 1490
1429 909 910 923
1430 43 29 42
1431 916 1224 915
1432 886 915 814
1433 814 915 890
1434 1224 1488 1225
1435 916 1226 929
1436 1220 1201 887
1437 925 1220 876
1438 983 162 984
1439 1211 1462 1208
1440 1199 162 934
1441 1198 1195 1199
1442 955 1195 940
1443 936 1473 938
1444 926 951 962
1445 929 950 1194
1446 391 410 393
1447 683 635 736
1448 1227 411 1233
1449 510 414 517
1450 1234 1492 328
1451 404 358 403
1452 436 404 403
1453 357 368 358
1454 355 356 284
1455 402 1413 1411
1456 192 252 246
1457 369 403 368
1458 523 456 420
1459 402 1034 401
1460 402 1247 432
1461 873 878 877
1462 42 29 1005
1463 419 455 377
1464 835 1187 859
1465 859 858 1252
1466 851 873 877
1467 949 961 902
1468 881 927 908
1469 1098 263 1484
1470 753 1254 787
1471 753 748 1254
1472 752 787 708
1473 1250 1255 751
1474 786 825 1188
1475 1250 751 788
1476 1191 764 749
1477 764 724 749
1478 753 1259 748
1479 757 1261 792
1480 792 1261 1325
1481 952 974 927
1482 883 911 910
1483 1263 884 885
1484 848 972 923
1485 718 1458 1311
1486 953 974 963
1487 998 987 1264
1488 1184 987 988
1489 1186 990 952
1490 1283 1449 1496
1491 677 731 772
1492 1266 1270 627
1493 758 1219 762
1494 765 771 1257
1495 731 1455 730
1496 730 1455 675
1497 1274 802 766
1498 879 861 1090
1499 730 675 728
1500 814 815 778
1501 901 900 897
1502 1278 797 732
1503 860 855 797
1504 883 910 860
1505 472 478 474
1506 442 1418 478
1507 829 1219 797
1508 10 1474 1344
1509 1018 1477 1478
1510 443 1018 1420
1511 1314 1479 408
1512 110 81 83
1513 585 514 1298
1514 322 1404 1405
1515 204 1076 235
1516 584 585 1298
1517 1117 204 148
1518 1022 1372 230
1519 262 1378 1381
1520 226 196 1368
1521 1028 1397 1480
1522 73 101 100
1523 1021 165 163
1524 35 53 67
1525 440 476 439
1526 438 1415 1416
1527 202 339 338
1528 1343 1410 1128
1529 273 303 1341
1530 15 37 53
1531 273 1124 272
1532 103 105 1041
1533 193 253 252
1534 1016 1419 1476
1535 333 335 378
1536 105 132 158
1537 1312 720 669
1538 284 217 1375
1539 284 1375 285
1540 1042 75 93
1541 232 225 263
1542 240 219 210
1543 1330 1365 239
1544 1312 669 670
1545 718 1312 670
1546 106 134 107
1547 76 103 1052
1548 370 1055 1044
1549 1191 1189 764
1550 718 1311 1282
1551 634 681 682
1552 515 617 632
1553 31 23 24
1554 431 509 430
1555 836 837 811
1556 1072 145 111
1557 1069 1346 1070
1558 177 1355 1360
1559 176 1066 1354
1560 169 1061 143
1561 79 39 43
1562 115 58 113
1563 30 16 62
1564 612 652 651
1565 64 1081 65
1566 10 5 11
1567 66 25 34
1568 1082 121 150
1569 151 178 179
1570 24 1032 19
1571 111 1060 1071
1572 90 121 63
1573 1279 760 1461
1574 1061 1060 111
1575 46 63 64
1576 313 281 348
1577 534 497 538
1578 1089 306 389
1579 186 245 214
1580 267 1384 1382
1581 226 1366 1367
1582 763 1280 762
1583 228 1371 1370
1584 166 1022 199
1585 228 1369 1373
1586 334 1400 1409
1587 232 331 377
1588 300 254 231
1589 294 375 1100
1590 330 254 300
1591 1102 329 1101
1592 518 416 489
1593 417 300 416
1594 22 1342 36
1595 1099 519 449
1596 519 521 488
1597 372 486 449
1598 1105 528 600
1599 598 524 528
1600 602 562 596
1601 1108 678 680
1602 559 520 488
1603 70 95 96
1604 1120 1119 113
1605 195 194 1121
1606 1122 195 201
1607 223 221 257
1608 1124 1339 1125
1609 273 1126 303
1610 386 424 1127
1611 423 422 383
1612 269 301 233
1613 457 382 380
1614 96 71 69
1615 565 532 1134
1616 637 599 597
1617 526 1129 1123
1618 490 1123 458
1619 598 563 524
1620 525 490 524
1621 688 1141 686
1622 1142 1105 600
1623 1305 1421 1427
1624 636 596 1108
1625 50 1049 95
1626 683 776 734
1627 1143 888 1144
1628 773 1145 810
1629 1226 886 1200
1630 839 837 866
1631 813 838 836
1632 1148 977 985
1633 959 970 958
1634 697 646 1161
1635 608 1160 646
1636 235 1126 1340
1637 822 745 746
1638 1162 605 694
1639 1146 840 1163
1640 1146 777 776
1641 942 1150 957
1642 1150 1153 1151
1643 403 369 414
1644 1160 606 644
1645 698 1157 700
1646 647 700 693
1647 283 244 282
1648 1088 426 425
1649 388 337 381
1650 531 529 460
1651 690 741 742
1652 670 669 1232
1653 711 664 663
1654 1333 397 396
1655 1182 613 1179
1656 537 536 1171
1657 500 495 497
1658 651 652 353
1659 702 613 747
1660 651 318 245
1661 979 971 978
1662 998 1186 988
1663 337 338 381
1664 1303 551 1297
1665 948 949 902
1666 1319 77 1041
1667 384 385 1127
1668 1216 1214 1212
1669 1174 690 691
1670 638 1437 1442
1671 930 931 893
1672 1132 1115 382
1673 1132 382 457
1674 1123 1139 458
1675 932 930 889
1676 1143 1147 867
1677 678 631 1109
1678 773 679 630
1679 344 341 340
1680 1127 424 421
1681 384 1127 343
1682 965 984 162
1683 815 814 890
1684 916 929 1194
1685 433 1239 1248
1686 809 778 632
1687 867 891 888
1688 917 935 1472
1689 1305 1493 1306
1690 983 984 991
1691 471 441 1424
1692 471 1425 1422
1693 512 1430 1429
1694 721 671 1210
1695 583 719 671
1696 722 1459 1460
1697 576 514 1215
1698 584 620 1436
1699 1215 585 1489
1700 1216 1490 1453
1701 551 583 550
1702 995 1153 994
1703 926 1201 1220
1704 530 531 463
1705 857 809 800
1706 1222 875 1196
1707 1194 1473 1471
1708 535 653 1133
1709 948 947 1185
1710 546 1431 1432
1711 607 1166 644
1712 564 567 1169
1713 484 447 483
1714 445 446 412
1715 367 365 411
1716 365 367 1043
1717 1051 288 219
1718 307 309 1229
1719 392 325 410
1720 530 494 565
1721 588 557 556
1722 556 555 554
1723 245 186 533
1724 581 580 577
1725 484 555 485
1726 370 413 1054
1727 252 1238 1246
1728 436 403 470
1729 1242 434 1239
1730 434 1243 1412
1731 327 1237 319
1732 319 1237 1245
1733 369 327 1246
1734 877 878 850
1735 825 850 1188
1736 712 459 713
1737 753 786 1259
1738 1250 826 824
1739 1190 786 1188
1740 542 660 571
1741 1258 655 704
1742 1302 1408 1403
1743 544 509 431
1744 266 1384 1386
1745 1263 860 862
1746 268 1097 230
1747 267 1393 1390
1748 980 981 989
1749 769 726 768
1750 767 728 770
1751 1267 625 727
1752 766 728 767
1753 1094 1383 1387
1754 730 728 766
1755 226 1095 1301
1756 163 196 197
1757 228 1374 1369
1758 883 860 885
1759 198 1364 1362
1760 884 1263 861
1761 800 617 716
1762 828 1286 801
1763 761 1461 722
1764 672 667 623
1765 452 515 632
1766 829 831 762
1767 723 758 1280
1768 717 668 618
1769 1222 857 856
1770 856 1284 1265
1771 1286 1467 1498
1772 628 629 1290
1773 557 558 517
1774 590 618 581
1775 547 1309 1240
1776 448 485 557
1777 569 570 540
1778 428 347 390
1779 445 366 392
1780 467 482 410
1781 713 1329 750
1782 467 502 540
1783 806 804 805
1784 296 298 1300
1785 881 1251 858
1786 251 1376 1027
1787 471 1422 1423
1788 471 477 441
1789 441 477 476
1790 287 1396 1395
1791 515 451 481
1792 379 451 420
1793 286 287 251
1794 1323 1446 711
1795 324 1404 1407
1796 296 1300 264
1797 226 1301 227
1798 1094 1301 1383
1799 265 264 1092
1800 1096 1388 1394
1801 267 1391 1393
1802 266 1386 1389
1803 1299 1300 299
1804 402 1411 1034
1805 578 551 1303
1806 512 1426 1430
1807 471 1424 1425
1808 1306 1239 433
1809 433 1248 1241
1810 548 510 1434
1811 546 1432 1429
1812 578 1431 547
1813 324 1407 287
1814 1307 1450 1495
1815 549 1433 1435
1816 1308 1240 1309
1817 436 470 469
1818 763 759 1280
1819 761 722 1206
1820 723 759 720
1821 1232 669 582
1822 808 862 1278
1823 677 732 717
1824 1283 1458 670
1825 676 1455 1313
1826 629 677 590
1827 409 1029 1017
1828 1020 360 359
1829 584 1436 585
1830 1018 1017 1477
1831 442 1417 1418
1832 333 332 335
1833 453 331 335
1834 453 335 420
1835 1224 1473 1488
1836 1093 1401 1484
1837 595 634 682
1838 286 323 287
1839 994 1150 966
1840 972 848 973
1841 703 658 662
1842 707 1320 706
1843 543 542 571
1844 507 508 468
1845 897 900 849
1846 665 654 1448
1847 1324 827 854
1848 755 1326 715
1849 575 574 507
1850 394 348 395
1851 658 1320 614
1852 703 662 1328
1853 660 709 662
1854 444 451 376
1855 707 706 752
1856 706 703 1327
1857 502 465 501
1858 502 1291 540
1859 482 445 392
1860 1334 239 240
1861 1330 154 120
1862 92 122 66
1863 715 663 1176
1864 616 872 898
1865 666 615 616
1866 575 663 574
1867 665 1447 713
1868 713 459 1329
1869 1046 74 37
1870 701 544 747
1871 653 742 1133
1872 535 499 529
1873 471 1423 477
1874 344 340 1114
1875 423 383 1115
1876 422 461 424
1877 215 185 122
1878 216 282 185
1879 576 552 545
1880 1325 790 796
1881 1011 72 52
1882 40 1006 1010
1883 9 6 15
1884 1062 143 145
1885 13 29 39
1886 476 477 475
1887 756 712 1337
1888 440 441 476
1889 1343 1486 1485
1890 273 1341 1124
1891 1076 204 1117
1892 1298 475 1217
1893 174 205 203
1894 10 1344 5
1895 1 3 1345
1896 452 451 515
1897 104 105 158
1898 1004 40 1003
1899 1005 29 21
1900 1010 1006 28
1901 901 921 900
1902 7 17 6
1903 963 848 953
1904 1324 1325 827
1905 21 29 11
1906 13 14 10
1907 28 21 22
1908 251 1027 190
1909 142 110 1012
1910 83 82 1012
1911 225 164 199
1912 258 222 161
1913 83 81 43
1914 106 107 1014
1915 39 55 38
1916 241 1335 278
1917 78 1003 40
1918 1191 1190 1189
1919 142 108 140
1920 178 150 207
1921 1004 42 1005
1922 1004 1005 40
1923 534 1171 500
1924 1018 480 1017
1925 322 1405 362
1926 1019 324 323
1927 1020 359 408
1928 361 409 444
1929 1021 1363 1358
1930 198 1362 1022
1931 1008 52 41
1932 36 1023 1008
1933 188 130 126
1934 173 98 68
1935 1252 879 1295
1936 57 56 73
1937 73 56 99
1938 262 1381 295
1939 226 1368 1366
1940 320 250 248
1941 1036 1039 406
1942 1030 100 109
1943 101 128 129
1944 197 1021 163
1945 166 1359 165
1946 173 1024 1048
1947 834 1271 1295
1948 1032 23 12
1949 31 32 23
1950 23 8 12
1951 473 475 478
1952 217 249 189
1953 8 4 116
1954 110 142 141
1955 803 1256 832
1956 1294 832 1187
1957 153 179 152
1958 15 86 37
1959 67 173 68
1960 102 131 103
1961 184 213 212
1962 61 118 153
1963 104 93 75
1964 189 248 188
1965 98 127 1049
1966 1331 390 1228
1967 1048 94 127
1968 1024 1042 93
1969 156 124 1050
1970 209 1335 1365
1971 207 211 278
1972 142 137 141
1973 1076 1117 1119
1974 43 81 79
1975 134 136 107
1976 55 107 135
1977 88 76 54
1978 76 1052 54
1979 243 150 212
1980 54 77 37
1981 133 131 102
1982 364 326 288
1983 1289 467 540
1984 191 180 219
1985 516 483 446
1986 305 275 1057
1987 502 501 1291
1988 305 346 275
1989 1012 108 142
1990 117 1059 1350
1991 1 7 3
1992 169 143 170
1993 117 1348 1349
1994 349 309 278
1995 14 2 1
1996 45 44 14
1997 114 58 115
1998 45 1068 1067
1999 45 84 1068
2000 1072 111 1071
2001 1072 1070 145
2002 1069 1070 1072
2003 146 1073 144
2004 112 114 144
2005 144 147 1074
2006 149 1348 1075
2007 1060 1059 59
2008 169 1351 1075
2009 174 147 148
2010 209 1365 120
2011 391 466 410
2012 1077 272 271
2013 1078 274 20
2014 61 65 1079
2015 1328 662 709
2016 658 614 571
2017 2 14 44
2018 25 49 33
2019 445 412 366
2020 755 756 1326
2021 118 1082 151
2022 118 89 1082
2023 169 177 1360
2024 169 170 177
2025 24 23 1032
2026 1032 1033 19
2027 1291 501 1321
2028 827 1325 796
2029 213 244 312
2030 90 150 121
2031 473 478 472
2032 715 1176 1181
2033 651 537 612
2034 184 212 183
2035 175 1066 18
2036 18 1065 1078
2037 531 460 463
2038 74 1087 75
2039 791 459 1262
2040 1089 389 427
2041 1089 1091 306
2042 34 425 92
2043 250 286 251
2044 297 1401 1390
2045 1094 229 227
2046 226 1367 1095
2047 560 420 452
2048 196 138 1027
2049 228 1373 1371
2050 268 1385 1097
2051 665 1448 1447
2052 785 871 544
2053 159 137 161
2054 255 168 254
2055 869 1155 897
2056 257 1377 259
2057 294 1100 255
2058 293 260 292
2059 1013 79 81
2060 540 656 587
2061 569 540 1291
2062 258 291 1377
2063 259 290 224
2064 519 488 449
2065 591 418 522
2066 486 1099 449
2067 486 372 1103
2068 598 528 1105
2069 636 1107 596
2070 602 596 1107
2071 1108 596 678
2072 680 678 1109
2073 373 491 380
2074 1111 563 597
2075 1341 303 1112
2076 1112 303 341
2077 628 1276 629
2078 874 1172 905
2079 1120 113 160
2080 222 256 161
2081 256 221 159
2082 1124 1125 272
2083 1343 1339 1486
2084 273 237 1126
2085 1290 629 590
2086 589 628 558
2087 386 1127 385
2088 146 1062 145
2089 565 1134 604
2090 607 1135 599
2091 1138 526 1111
2092 526 1169 1129
2093 1129 1131 1139
2094 458 457 380
2095 688 1443 1141
2096 638 1445 1444
2097 1142 600 1444
2098 636 1108 684
2099 1324 854 851
2100 734 776 777
2101 774 811 738
2102 1144 912 864
2103 549 577 580
2104 818 839 868
2105 775 679 774
2106 864 866 837
2107 839 866 865
2108 867 841 891
2109 933 891 892
2110 867 817 841
2111 995 996 985
2112 547 1240 548
2113 1148 985 996
2114 197 1361 1021
2115 920 944 882
2116 894 846 847
2117 966 931 954
2118 677 717 590
2119 976 985 1152
2120 895 1316 1154
2121 698 608 646
2122 400 354 318
2123 568 539 1318
2124 1178 572 539
2125 863 840 1147
2126 1150 1151 957
2127 819 822 780
2128 919 868 893
2129 554 624 625
2130 919 843 868
2131 47 65 61
2132 699 693 700
2133 746 1157 780
2134 782 784 820
2135 821 846 844
2136 820 821 1156
2137 845 844 870
2138 845 1470 823
2139 1165 687 637
2140 637 687 599
2141 599 687 1166
2142 1167 1135 606
2143 532 1167 606
2144 606 607 644
2145 644 1161 646
2146 744 1161 740
2147 1162 694 695
2148 920 1154 944
2149 1162 696 692
2150 823 1156 845
2151 690 742 691
2152 968 958 956
2153 830 1288 1468
2154 1310 1279 1499
2155 1287 1464 798
2156 1286 1498 1497
2157 495 389 388
2158 388 381 499
2159 338 337 202
2160 856 801 1284
2161 663 575 1176
2162 1083 281 243
2163 706 1327 752
2164 702 353 652
2165 1180 1182 1183
2166 1173 609 538
2167 538 610 534
2168 1182 1180 613
2169 573 543 571
2170 498 500 536
2171 498 495 500
2172 537 1171 534
2173 611 537 534
2174 896 870 1316
2175 1283 670 1438
2176 960 971 949
2177 961 1186 952
2178 723 1280 759
2179 235 1340 236
2180 999 994 993
2181 1001 1002 960
2182 1219 1277 797
2183 993 966 982
2184 1002 999 978
2185 976 1153 985
2186 1150 994 1153
2187 992 1192 1164
2188 977 1152 985
2189 528 602 601
2190 601 1107 1437
2191 1143 863 1147
2192 1106 678 596
2193 591 678 1106
2194 560 593 681
2195 673 1258 705
2196 1194 937 1473
2197 916 1194 1471
2198 842 815 890
2199 1200 886 887
2200 975 966 954
2201 917 1472 1197
2202 991 984 992
2203 929 1200 1201
2204 924 925 876
2205 593 632 778
2206 972 973 1203
2207 906 876 857
2208 923 907 909
2209 726 727 624
2210 1164 982 975
2211 18 20 19
2212 997 1487 996
2213 672 1451 667
2214 672 1452 1451
2215 1211 1210 1460
2216 667 617 586
2217 621 620 1214
2218 1213 1491 1440
2219 1207 1489 1213
2220 622 1216 623
2221 906 857 1222
2222 906 1222 1196
2223 1218 831 829
2224 1208 716 667
2225 916 915 886
2226 916 886 1226
2227 761 1463 1461
2228 1205 1225 1488
2229 937 1194 950
2230 940 1195 1198
2231 937 1193 955
2232 484 1053 447
2233 219 288 191
2234 307 310 309
2235 428 390 464
2236 489 594 635
2237 556 554 625
2238 619 1232 580
2239 1231 1232 582
2240 1227 1233 447
2241 412 1233 411
2242 484 485 1053
2243 414 448 517
2244 595 594 633
2245 1235 1044 1055
2246 370 1054 415
2247 1235 414 1234
2248 357 1237 368
2249 470 403 435
2250 1306 1494 1239
2251 1242 441 434
2252 155 157 187
2253 1050 1045 157
2254 369 1246 1238
2255 327 252 1246
2256 1238 252 253
2257 187 217 155
2258 1247 1248 432
2259 1236 1248 1247
2260 217 284 249
2261 1079 1081 121
2262 1251 1252 858
2263 1097 1483 263
2264 1255 824 753
2265 1098 1402 334
2266 724 674 673
2267 1191 1259 786
2268 852 825 824
2269 852 1253 851
2270 235 233 1126
2271 952 878 946
2272 718 1457 1312
2273 1279 801 760
2274 1283 1496 1458
2275 1264 989 990
2276 1264 990 1186
2277 998 988 987
2278 1172 910 909
2279 965 950 980
2280 588 556 625
2281 769 729 726
2282 730 1269 731
2283 1266 1267 1270
2284 806 1268 804
2285 768 1273 804
2286 676 1454 1455
2287 1269 1090 772
2288 883 885 928
2289 628 626 627
2290 758 1282 1277
2291 215 92 214
2292 1278 732 808
2293 928 885 884
2294 862 861 1263
2295 1344 1474 1345
2296 17 48 47
2297 1478 1477 1479
2298 1420 1018 1478
2299 6 16 30
2300 9 3 6
2301 27 41 28
2302 11 5 9
2303 137 134 141
2304 42 80 82
2305 205 174 236
2306 1405 1404 324
2307 230 1372 1370
2308 128 1347 97
2309 1116 201 1076
2310 73 99 1347
2311 1381 1378 1379
2312 1368 196 1027
2313 1480 1397 1381
2314 514 475 1298
2315 1359 166 167
2316 165 1356 163
2317 472 474 1415
2318 1416 1415 1418
2319 338 339 343
2320 253 193 220
2321 234 202 337
2322 200 142 140
2323 370 367 413
2324 253 367 328
2325 1476 1419 1420
2326 437 1414 1476
2327 217 189 155
2328 1375 217 218
2329 246 218 192
2330 217 187 218
2331 35 68 50
2332 127 98 1048
2333 77 54 1052
2334 88 102 76
2335 191 132 133
2336 815 736 735
2337 560 681 633
2338 633 681 634
2339 1057 275 276
2340 55 135 38
2341 1481 1068 1346
2342 1282 668 1277
2343 1360 1355 1351
2344 1354 1066 1353
2345 174 148 236
2346 174 171 147
2347 1077 271 203
2348 8 175 12
2349 720 1206 719
2350 33 31 24
2351 394 279 313
2352 281 279 243
2353 150 211 207
2354 1082 150 178
2355 89 118 61
2356 121 1082 89
2357 152 87 153
2358 17 4 32
2359 1071 1060 44
2360 1269 802 1090
2361 66 122 90
2362 148 115 1118
2363 348 281 314
2364 281 1083 311
2365 213 242 212
2366 212 150 183
2367 175 18 206
2368 834 879 1090
2369 1065 18 176
2370 114 112 84
2371 346 387 34
2372 387 1091 1089
2373 387 425 34
2374 216 214 245
2375 1091 346 306
2376 1092 1391 1382
2377 1382 1384 265
2378 1367 1366 1378
2379 560 452 593
2380 166 1357 1022
2381 1370 1371 230
2382 1373 1369 229
2383 1409 1400 1399
2384 331 419 377
2385 231 336 300
2386 418 519 487
2387 487 519 1099
2388 418 487 1103
2389 159 136 134
2390 159 134 137
2391 300 417 330
2392 487 486 1103
2393 1103 372 374
2394 200 168 137
2395 291 290 259
2396 1100 1101 292
2397 454 336 377
2398 290 270 224
2399 168 161 137
2400 291 258 260
2401 260 168 255
2402 449 450 373
2403 450 488 520
2404 491 490 458
2405 1006 40 21
2406 1138 1111 597
2407 1119 1118 113
2408 1284 801 1286
2409 1104 223 257
2410 372 373 270
2411 72 71 99
2412 1137 461 423
2413 458 380 491
2414 373 380 270
2415 56 52 72
2416 1133 648 535
2417 647 693 642
2418 1421 469 1428
2419 1135 607 606
2420 526 525 1111
2421 601 1437 1444
2422 686 1141 1140
2423 779 738 812
2424 868 839 865
2425 738 733 775
2426 933 913 891
2427 853 793 945
2428 958 968 959
2429 958 945 922
2430 22 36 27
2431 414 510 435
2432 899 901 1155
2433 745 846 821
2434 1158 780 740
2435 784 745 821
2436 836 1145 813
2437 777 813 1145
2438 746 700 1157
2439 505 395 1177
2440 894 844 846
2441 845 870 1470
2442 504 1177 429
2443 1166 687 689
2444 1158 781 819
2445 1136 599 1135
2446 1160 532 606
2447 1167 532 567
2448 493 532 565
2449 1162 695 696
2450 690 1174 641
2451 894 943 967
2452 338 343 421
2453 388 497 495
2454 202 271 339
2455 388 304 337
2456 216 245 354
2457 277 276 238
2458 508 429 468
2459 535 1173 538
2460 649 1180 610
2461 1183 534 610
2462 61 62 47
2463 1184 979 978
2464 1187 833 858
2465 994 966 993
2466 1184 978 1192
2467 1170 695 782
2468 463 421 424
2469 868 865 893
2470 470 1240 469
2471 894 967 956
2472 301 380 302
2473 932 934 964
2474 931 930 954
2475 867 1147 817
2476 774 810 811
2477 810 774 773
2478 631 630 679
2479 678 591 631
2480 1241 1248 1236
2481 463 424 494
2482 1248 1239 432
2483 964 983 975
2484 940 939 1197
2485 1472 935 941
2486 964 934 162
2487 1306 1493 1494
2488 1422 1425 1427
2489 1429 1430 1308
2490 964 975 954
2491 566 603 529
2492 1460 1459 1462
2493 1453 1490 1452
2494 907 924 1221
2495 910 911 848
2496 907 1196 1204
2497 284 401 1034
2498 284 1034 249
2499 1471 1473 1224
2500 1225 915 1224
2501 1432 1431 1303
2502 962 950 926
2503 288 1228 393
2504 364 325 366
2505 556 557 1230
2506 590 577 517
2507 439 1036 1035
2508 1412 1243 1413
2509 407 1035 406
2510 574 654 660
2511 654 574 664
2512 284 285 289
2513 850 881 858
2514 104 75 1087
2515 1255 787 751
2516 1188 1256 1190
2517 710 754 1260
2518 1482 1092 1500
2519 1403 1408 1398
2520 1386 1384 1392
2521 908 880 1251
2522 910 855 860
2523 230 1097 263
2524 1390 1393 1403
2525 1264 980 989
2526 905 904 874
2527 675 1270 729
2528 729 727 726
2529 1387 1383 265
2530 835 1271 807
2531 803 807 771
2532 834 802 1274
2533 1274 767 805
2534 589 557 626
2535 629 1276 676
2536 1369 1374 197
2537 885 860 1263
2538 1362 1364 1374
2539 514 478 475
2540 716 801 800
2541 722 1461 1459
2542 617 800 632
2543 586 617 552
2544 798 763 799
2545 1466 1281 1465
2546 1307 1495 1438
2547 1498 1467 1468
2548 1279 1463 1464
2549 334 378 331
2550 516 1289 553
2551 1435 548 1434
2552 510 517 577
2553 331 378 335
2554 948 902 903
2555 391 347 428
2556 464 465 428
2557 391 428 466
2558 709 750 754
2559 483 555 484
2560 879 1252 880
2561 674 724 1296
2562 771 804 1273
2563 554 553 624
2564 516 482 1289
2565 1027 1376 1379
2566 1423 1422 1426
2567 552 481 545
2568 514 585 1215
2569 1243 440 407
2570 1395 1396 1480
2571 405 249 406
2572 359 286 321
2573 711 1446 664
2574 1407 1404 1406
2575 287 1395 1376
2576 1398 332 1399
2577 1388 1096 1387
2578 1394 1388 1385
2579 1393 1391 1482
2580 1389 1386 1483
2581 1500 1299 1408
2582 551 550 477
2583 669 720 583
2584 1430 1426 1428
2585 1425 1424 1493
2586 1434 510 577
2587 1429 1432 1297
2588 547 1431 546
2589 287 1407 1396
2590 1495 1450 1449
2591 1435 1433 548
2592 547 579 578
2593 1306 469 1421
2594 1467 1286 828
2595 828 801 1279
2596 1281 1466 1469
2597 772 732 677
2598 797 717 732
2599 1313 1455 731
2600 585 1436 1441
2601 1418 1417 1475
2602 320 249 405
2603 77 1087 1046
2604 1484 1401 1402
2605 635 594 595
2606 595 633 634
2607 736 682 681
2608 966 1150 942
2609 614 1317 570
2610 568 569 541
2611 748 749 724
2612 570 1318 614
2613 748 705 704
2614 503 539 568
2615 873 902 946
2616 299 379 335
2617 872 900 921
2618 1448 654 1446
2619 663 664 574
2620 826 788 1249
2621 405 1015 321
2622 1229 1331 1228
2623 994 999 995
2624 152 120 87
2625 397 429 396
2626 1321 541 1291
2627 541 569 1291
2628 210 181 1334
2629 921 899 922
2630 921 922 945
2631 1337 712 1456
2632 790 1261 755
2633 525 524 563
2634 597 563 598
2635 507 430 509
2636 661 665 713
2637 791 1329 459
2638 473 1037 475
2639 1338 431 353
2640 785 701 741
2641 701 648 742
2642 509 616 615
2643 1243 434 440
2644 597 599 1138
2645 642 694 643
2646 642 643 604
2647 477 1423 1297
2648 343 339 345
2649 458 1139 457
2650 795 1181 794
2651 1215 1489 1207
2652 317 316 282
2653 312 315 350
2654 122 185 213
2655 506 1177 504
2656 22 26 1342
2657 72 1011 71
2658 97 99 71
2659 145 1070 1073
2660 578 582 551
2661 475 477 513
2662 58 45 38
2663 2 44 59
2664 544 701 785
2665 1485 1486 1112
2666 1124 1341 1112
2667 1485 1112 1410
2668 1217 475 513
2669 1060 59 44
2670 326 220 288
2671 15 6 30
2672 41 1010 28
2673 27 28 22
2674 22 21 11
2675 22 11 26
2676 126 128 97
2677 1007 56 57
2678 56 41 52
2679 110 83 1012
2680 1014 79 1013
2681 1014 107 55
2682 81 110 141
2683 1003 108 80
2684 108 1012 80
2685 56 1007 41
2686 140 108 164
2687 1414 437 1475
2688 1017 480 409
2689 1358 1363 1357
2690 1022 1362 1372
2691 1008 1023 52
2692 1011 1023 51
2693 1366 1368 1380
2694 1406 322 1397
2695 360 1029 361
2696 406 1039 405
2697 57 73 100
2698 139 129 138
2699 165 1359 1356
2700 399 1175 398
2701 473 472 1039
2702 321 250 320
2703 1205 1473 936
2704 1187 832 833
2705 835 807 1294
2706 62 86 30
2707 790 755 1086
2708 1293 806 767
2709 67 53 1042
2710 220 1043 253
2711 77 1319 1087
2712 1332 179 178
2713 180 191 1047
2714 93 104 124
2715 87 86 62
2716 1049 127 125
2717 37 86 54
2718 1024 67 1042
2719 94 124 156
2720 349 308 395
2721 155 1050 157
2722 156 1050 155
2723 180 1047 154
2724 1365 1335 239
2725 75 1042 53
2726 211 279 308
2727 225 230 263
2728 200 140 232
2729 134 106 141
2730 159 135 136
2731 1041 1052 103
2732 86 87 60
2733 415 414 1055
2734 156 127 94
2735 1007 57 78
2736 561 489 635
2737 288 1229 1228
2738 635 683 561
2739 681 593 735
2740 277 170 304
2741 1058 276 275
2742 1061 1075 1059
2743 1350 1059 1075
2744 172 146 1074
2745 1075 1061 169
2746 1349 1348 1353
2747 44 1067 1071
2748 1068 1481 1067
2749 144 114 147
2750 176 1352 1355
2751 1352 176 1354
2752 143 1061 111
2753 1075 1348 1350
2754 148 147 115
2755 310 1051 280
2756 235 236 204
2757 410 466 467
2758 1249 852 826
2759 1081 64 63
2760 572 614 1318
2761 710 1327 1328
2762 1326 756 1337
2763 150 243 211
2764 312 242 213
2765 178 151 1082
2766 275 274 1058
2767 12 206 1033
2768 4 23 32
2769 66 90 49
2770 47 48 65
2771 242 311 1083
2772 37 77 1046
2773 20 18 1078
2774 274 34 25
2775 68 98 50
2776 649 1173 648
2777 69 70 96
2778 341 303 302
2779 427 389 91
2780 425 496 186
2781 74 1046 1087
2782 1322 796 795
2783 498 91 495
2784 220 191 288
2785 1336 1181 615
2786 1390 1401 1392
2787 322 298 295
2788 1371 1373 1394
2789 1097 1385 1389
2790 1447 1448 1456
2791 897 1155 901
2792 260 258 161
2793 329 1102 371
2794 371 374 290
2795 1102 375 374
2796 1103 374 375
2797 1100 375 1102
2798 159 161 256
2799 1377 257 256
2800 1181 1176 615
2801 518 630 522
2802 518 522 417
2803 853 903 854
2804 684 1108 680
2805 562 602 527
2806 492 490 491
2807 1110 450 527
2808 485 1230 557
2809 488 450 449
2810 422 386 1113
2811 148 1118 1117
2812 1117 1118 1119
2813 905 1172 909
2814 1104 1121 223
2815 195 1122 194
2816 1116 1120 1122
2817 1120 1116 1119
2818 256 257 221
2819 301 269 270
2820 201 1121 224
2821 383 422 1113
2822 1262 792 123
2823 1137 423 1132
2824 172 171 170
2825 233 301 302
2826 691 653 603
2827 608 647 642
2828 526 1123 525
2829 1136 1138 599
2830 1129 1169 1130
2831 781 688 686
2832 812 738 811
2833 819 781 737
2834 775 774 738
2835 866 912 930
2836 866 930 865
2837 855 1172 829
2838 838 813 1146
2839 934 913 933
2840 913 888 891
2841 997 947 903
2842 1021 1361 1363
2843 67 1024 173
2844 216 354 317
2845 590 717 618
2846 844 894 870
2847 647 608 698
2848 822 819 847
2849 692 641 605
2850 539 572 1318
2851 838 1146 1163
2852 1147 840 817
2853 957 1151 969
2854 1165 637 1105
2855 725 624 674
2856 688 687 1165
2857 820 784 821
2858 845 1156 844
2859 823 1470 869
2860 1161 644 645
2861 565 604 643
2862 694 699 745
2863 494 493 565
2864 970 977 1148
2865 894 847 943
2866 1468 1288 1218
2867 616 509 544
2868 798 1464 1206
2869 1497 1498 1218
2870 388 499 497
2871 397 1175 468
2872 789 791 123
2873 468 400 507
2874 894 944 1154
2875 573 505 506
2876 351 312 350
2877 279 394 308
2878 570 659 655
2879 499 535 538
2880 537 533 536
2881 533 651 245
2882 1316 870 1154
2883 1438 670 1232
2884 989 981 974
2885 798 799 1281
2886 979 949 971
2887 543 506 542
2888 586 552 576
2889 572 573 571
2890 1001 947 1000
2891 783 743 1170
2892 528 490 1110
2893 1140 1141 1442
2894 865 930 893
2895 779 818 737
2896 943 942 957
2897 969 1151 976
2898 968 956 967
2899 666 898 714
2900 734 773 630
2901 912 1144 889
2902 737 685 733
2903 1195 1193 162
2904 1195 955 1193
2905 29 43 39
2906 856 857 800
2907 1198 939 940
2908 1197 1472 941
2909 656 657 1292
2910 1198 934 892
2911 909 904 905
2912 909 907 1204
2913 981 980 973
2914 992 1164 975
2915 996 1487 1148
2916 667 1451 1208
2917 1451 1452 1209
2918 576 479 514
2919 1213 1440 1439
2920 1440 1491 1441
2921 623 1216 1453
2922 550 1304 1217
2923 874 1218 829
2924 924 876 1221
2925 1223 875 856
2926 1288 831 1218
2927 1361 197 1364
2928 320 248 249
2929 1225 890 915
2930 162 983 964
2931 1462 760 1208
2932 973 980 950
2933 938 935 936
2934 935 938 941
2935 1331 1229 309
2936 455 419 456
2937 580 1232 1231
2938 415 448 414
2939 1492 1238 328
2940 368 403 358
2941 358 404 1241
2942 1413 1243 1411
2943 319 1245 289
2944 456 453 420
2945 1238 1492 369
2946 850 878 881
2947 825 877 850
2948 753 824 825
2949 121 1081 63
2950 851 877 852
2951 825 852 877
2952 952 927 878
2953 952 990 974
2954 673 705 724
2955 263 1483 1484
2956 748 704 1254
2957 787 1255 753
2958 833 832 1188
2959 334 1402 1400
2960 1257 1272 1296
2961 655 1258 657
2962 749 748 1259
2963 1261 790 1325
2964 953 911 928
2965 105 1319 1041
2966 1458 1496 1311
2967 1203 973 950
2968 1203 962 951
2969 974 953 927
2970 856 1265 1223
2971 1449 668 1496
2972 731 1269 772
2973 729 770 675
2974 1270 1267 727
2975 859 1271 835
2976 807 805 804
2977 1219 829 762
2978 771 1273 1257
2979 668 717 1277
2980 1455 1454 675
2981 732 772 808
2982 772 1090 808
2983 802 1269 766
2984 834 1274 805
2985 767 1274 766
2986 558 557 589
2987 675 1454 1276
2988 98 1049 50
2989 1277 1219 758
2990 802 834 1090
2991 834 1295 879
2992 375 330 1103
2993 627 675 1276
2994 809 857 876
2995 552 617 515
2996 552 515 481
