 22 164 166 1
 164 165 166 1
 164 24 165 1
 166 165 23 1
 25 167 169 1
 167 168 169 1
 167 27 168 1
 169 168 26 1
 28 170 172 1
 170 171 172 1
 170 29 171 1
 172 171 22 1
 26 173 175 1
 173 174 175 1
 173 31 174 1
 175 174 30 1
 25 169 177 1
 169 176 177 1
 169 26 176 1
 177 176 32 1
 23 165 179 1
 165 178 179 1
 165 24 178 1
 179 178 33 1
 34 180 182 1
 180 181 182 1
 180 36 181 1
 182 181 35 1
 37 183 185 1
 183 184 185 1
 183 38 184 1
 185 184 10 1
 18 186 188 1
 186 187 188 1
 186 40 187 1
 188 187 39 1
 41 189 191 1
 189 190 191 1
 189 28 190 1
 191 190 23 1
 42 192 194 1
 192 193 194 1
 192 44 193 1
 194 193 43 1
 45 195 197 1
 195 196 197 1
 195 47 196 1
 197 196 46 1
 48 198 200 1
 198 199 200 1
 198 49 199 1
 200 199 25 1
 35 181 202 1
 181 201 202 1
 181 36 201 1
 202 201 50 1
 43 193 204 1
 193 203 204 1
 193 44 203 1
 204 203 51 1
 52 205 207 1
 205 206 207 1
 205 54 206 1
 207 206 53 1
 53 206 209 1
 206 208 209 1
 206 54 208 1
 209 208 55 1
 56 210 212 1
 210 211 212 1
 210 57 211 1
 212 211 27 1
 56 212 214 1
 212 213 214 1
 212 27 213 1
 214 213 58 1
 59 215 217 1
 215 216 217 1
 215 61 216 1
 217 216 60 1
 29 218 220 1
 218 219 220 1
 218 63 219 1
 220 219 62 1
 64 221 222 1
 221 211 222 1
 221 27 211 1
 222 211 57 1
 65 223 225 1
 223 224 225 1
 223 66 224 1
 225 224 60 1
 62 219 227 1
 219 226 227 1
 219 63 226 1
 227 226 67 1
 68 228 230 1
 228 229 230 1
 228 70 229 1
 230 229 69 1
 71 231 233 1
 231 232 233 1
 231 73 232 1
 233 232 72 1
 38 234 236 1
 234 235 236 1
 234 74 235 1
 236 235 12 1
 75 237 239 1
 237 238 239 1
 237 76 238 1
 239 238 37 1
 77 240 242 1
 240 241 242 1
 240 79 241 1
 242 241 78 1
 80 243 245 1
 243 244 245 1
 243 82 244 1
 245 244 81 1
 83 246 248 1
 246 247 248 1
 246 85 247 1
 248 247 84 1
 86 249 251 1
 249 250 251 1
 249 87 250 1
 251 250 69 1
 88 252 254 1
 252 253 254 1
 252 89 253 1
 254 253 87 1
 67 226 256 1
 226 255 256 1
 226 63 255 1
 256 255 68 1
 38 183 258 1
 183 257 258 1
 183 37 257 1
 258 257 66 1
 66 257 224 1
 257 259 224 1
 257 37 259 1
 224 259 60 1
 87 253 250 1
 253 260 250 1
 253 89 260 1
 250 260 69 1
 68 230 262 1
 230 261 262 1
 230 69 261 1
 262 261 47 1
 26 175 176 1
 175 263 176 1
 175 30 263 1
 176 263 32 1
 90 264 266 1
 264 265 266 1
 264 91 265 1
 266 265 45 1
 37 238 259 1
 238 267 259 1
 238 76 267 1
 259 267 60 1
 24 268 270 1
 268 269 270 1
 268 40 269 1
 270 269 20 1
 92 271 272 1
 271 207 272 1
 271 52 207 1
 272 207 53 1
 92 272 274 1
 272 273 274 1
 272 53 273 1
 274 273 93 1
 94 275 277 1
 275 276 277 1
 275 96 276 1
 277 276 95 1
 97 278 280 1
 278 279 280 1
 278 98 279 1
 280 279 46 1
 94 277 282 1
 277 281 282 1
 277 95 281 1
 282 281 99 1
 43 283 194 1
 283 284 194 1
 283 100 284 1
 194 284 42 1
 97 280 285 1
 280 196 285 1
 280 46 196 1
 285 196 47 1
 100 286 288 1
 286 287 288 1
 286 97 287 1
 288 287 89 1
 18 289 291 1
 289 290 291 1
 289 101 290 1
 291 290 99 1
 18 291 292 1
 291 281 292 1
 291 99 281 1
 292 281 95 1
 36 293 294 1
 293 274 294 1
 293 92 274 1
 294 274 93 1
 25 199 296 1
 199 295 296 1
 199 49 295 1
 296 295 102 1
 79 297 299 1
 297 298 299 1
 297 86 298 1
 299 298 103 1
 75 300 237 1
 300 301 237 1
 300 8 301 1
 237 301 76 1
 104 302 303 1
 302 279 303 1
 302 46 279 1
 303 279 98 1
 1 304 21 1
 304 270 21 1
 304 24 270 1
 21 270 20 1
 105 305 306 1
 305 174 306 1
 305 30 174 1
 306 174 31 1
 76 301 307 1
 301 7 307 1
 301 8 7 1
 307 7 6 1
 64 308 309 1
 308 173 309 1
 308 31 173 1
 309 173 26 1
 73 310 232 1
 310 311 232 1
 310 106 311 1
 232 311 72 1
 43 204 313 1
 204 312 313 1
 204 51 312 1
 313 312 107 1
 90 314 264 1
 314 315 264 1
 314 67 315 1
 264 315 91 1
 64 309 221 1
 309 168 221 1
 309 26 168 1
 221 168 27 1
 2 316 317 1
 316 308 317 1
 316 31 308 1
 317 308 64 1
 108 318 320 1
 318 319 320 1
 318 109 319 1
 320 319 57 1
 51 203 322 1
 203 321 322 1
 203 44 321 1
 322 321 110 1
 70 228 323 1
 228 255 323 1
 228 68 255 1
 323 255 63 1
 111 324 326 1
 324 325 326 1
 324 113 325 1
 326 325 112 1
 2 317 328 1
 317 327 328 1
 317 64 327 1
 328 327 109 1
 85 329 331 1
 329 330 331 1
 329 114 330 1
 331 330 104 1
 101 332 334 1
 332 333 334 1
 332 16 333 1
 334 333 115 1
 116 335 337 1
 335 336 337 1
 335 84 336 1
 337 336 6 1
 111 326 339 1
 326 338 339 1
 326 112 338 1
 339 338 117 1
 118 340 342 1
 340 341 342 1
 340 120 341 1
 342 341 119 1
 115 333 343 1
 333 15 343 1
 333 16 15 1
 343 15 14 1
 121 344 345 1
 344 15 345 1
 344 14 15 1
 345 15 16 1
 115 346 334 1
 346 347 334 1
 346 81 347 1
 334 347 101 1
 122 348 350 1
 348 349 350 1
 348 124 349 1
 350 349 123 1
 81 346 245 1
 346 351 245 1
 346 115 351 1
 245 351 80 1
 125 352 354 1
 352 353 354 1
 352 126 353 1
 354 353 121 1
 40 186 269 1
 186 19 269 1
 186 18 19 1
 269 19 20 1
 81 355 347 1
 355 290 347 1
 355 99 290 1
 347 290 101 1
 113 356 325 1
 356 357 325 1
 356 50 357 1
 325 357 112 1
 127 358 360 1
 358 359 360 1
 358 129 359 1
 360 359 128 1
 77 361 240 1
 361 297 240 1
 361 86 297 1
 240 297 79 1
 65 362 364 1
 362 363 364 1
 362 130 363 1
 364 363 50 1
 81 365 355 1
 365 366 355 1
 365 111 366 1
 355 366 99 1
 96 367 276 1
 367 368 276 1
 367 131 368 1
 276 368 95 1
 95 368 370 1
 368 369 370 1
 368 131 369 1
 370 369 20 1
 132 371 373 1
 371 372 373 1
 371 134 372 1
 373 372 133 1
 119 341 375 1
 341 374 375 1
 341 120 374 1
 375 374 135 1
 54 376 378 1
 376 377 378 1
 376 129 377 1
 378 377 123 1
 127 379 358 1
 379 377 358 1
 379 123 377 1
 358 377 129 1
 124 380 381 1
 380 367 381 1
 380 131 367 1
 381 367 96 1
 83 248 382 1
 248 335 382 1
 248 84 335 1
 382 335 116 1
 84 383 336 1
 383 5 336 1
 383 4 5 1
 336 5 6 1
 8 384 7 1
 384 337 7 1
 384 116 337 1
 7 337 6 1
 136 385 387 1
 385 386 387 1
 385 116 386 1
 387 386 137 1
 112 357 388 1
 357 201 388 1
 357 50 201 1
 388 201 36 1
 121 389 354 1
 389 390 354 1
 389 138 390 1
 354 390 125 1
 73 231 392 1
 231 391 392 1
 231 71 391 1
 392 391 102 1
 18 292 19 1
 292 370 19 1
 292 95 370 1
 19 370 20 1
 139 393 394 1
 393 382 394 1
 393 83 382 1
 394 382 116 1
 54 378 395 1
 378 349 395 1
 378 123 349 1
 395 349 124 1
 90 396 398 1
 396 397 398 1
 396 114 397 1
 398 397 139 1
 14 399 401 1
 399 400 401 1
 399 126 400 1
 401 400 140 1
 126 399 353 1
 399 344 353 1
 399 14 344 1
 353 344 121 1
 132 402 404 1
 402 403 404 1
 402 142 403 1
 404 403 141 1
 132 373 402 1
 373 405 402 1
 373 133 405 1
 402 405 142 1
 133 406 405 1
 406 407 405 1
 406 127 407 1
 405 407 142 1
 45 408 266 1
 408 396 266 1
 408 114 396 1
 266 396 90 1
 116 384 386 1
 384 409 386 1
 384 8 409 1
 386 409 137 1
 25 410 167 1
 410 213 167 1
 410 58 213 1
 167 213 27 1
 124 348 412 1
 348 411 412 1
 348 122 411 1
 412 411 143 1
 124 412 380 1
 412 413 380 1
 412 143 413 1
 380 413 131 1
 87 249 414 1
 249 361 414 1
 249 86 361 1
 414 361 77 1
 122 415 411 1
 415 416 411 1
 415 144 416 1
 411 416 143 1
 143 416 418 1
 416 417 418 1
 416 144 417 1
 418 417 33 1
 145 419 420 1
 419 390 420 1
 419 125 390 1
 420 390 138 1
 114 421 397 1
 421 393 397 1
 421 83 393 1
 397 393 139 1
 137 409 422 1
 409 9 422 1
 409 8 9 1
 422 9 10 1
 131 423 369 1
 423 21 369 1
 423 1 21 1
 369 21 20 1
 139 394 424 1
 394 385 424 1
 394 116 385 1
 424 385 136 1
 146 425 426 1
 425 331 426 1
 425 85 331 1
 426 331 104 1
 147 427 429 1
 427 428 429 1
 427 149 428 1
 429 428 148 1
 74 234 431 1
 234 430 431 1
 234 38 430 1
 431 430 115 1
 118 432 434 1
 432 433 434 1
 432 148 433 1
 434 433 150 1
 151 435 436 1
 435 187 436 1
 435 39 187 1
 436 187 40 1
 118 434 340 1
 434 437 340 1
 434 150 437 1
 340 437 120 1
 82 438 439 1
 438 356 439 1
 438 50 356 1
 439 356 113 1
 65 364 440 1
 364 438 440 1
 364 50 438 1
 440 438 82 1
 94 441 275 1
 441 442 275 1
 441 55 442 1
 275 442 96 1
 124 381 443 1
 381 442 443 1
 381 96 442 1
 443 442 55 1
 139 424 445 1
 424 444 445 1
 424 136 444 1
 445 444 152 1
 115 430 351 1
 430 446 351 1
 430 38 446 1
 351 446 80 1
 140 447 449 1
 447 448 449 1
 447 154 448 1
 449 448 153 1
 42 284 450 1
 284 288 450 1
 284 100 288 1
 450 288 89 1
 142 407 452 1
 407 451 452 1
 407 127 451 1
 452 451 150 1
 98 278 454 1
 278 453 454 1
 278 97 453 1
 454 453 155 1
 150 451 455 1
 451 360 455 1
 451 127 360 1
 455 360 128 1
 69 229 251 1
 229 456 251 1
 229 70 456 1
 251 456 86 1
 138 457 458 1
 457 435 458 1
 457 39 435 1
 458 435 151 1
 83 421 246 1
 421 329 246 1
 421 114 329 1
 246 329 85 1
 155 453 459 1
 453 286 459 1
 453 97 286 1
 459 286 100 1
 71 460 461 1
 460 214 461 1
 460 56 214 1
 461 214 58 1
 125 419 463 1
 419 462 463 1
 419 145 462 1
 463 462 156 1
 157 464 465 1
 464 233 465 1
 464 71 233 1
 465 233 72 1
 62 466 467 1
 466 462 467 1
 466 156 462 1
 467 462 145 1
 25 296 410 1
 296 468 410 1
 296 102 468 1
 410 468 58 1
 141 469 471 1
 469 470 471 1
 469 149 470 1
 471 470 88 1
 158 472 474 1
 472 473 474 1
 472 159 473 1
 474 473 120 1
 141 471 476 1
 471 475 476 1
 471 88 475 1
 476 475 77 1
 102 391 468 1
 391 461 468 1
 391 71 461 1
 468 461 58 1
 47 195 477 1
 195 265 477 1
 195 45 265 1
 477 265 91 1
 152 478 445 1
 478 398 445 1
 478 90 398 1
 445 398 139 1
 47 477 262 1
 477 479 262 1
 477 91 479 1
 262 479 68 1
 52 480 482 1
 480 481 482 1
 480 158 481 1
 482 481 129 1
 158 474 484 1
 474 483 484 1
 474 120 483 1
 484 483 128 1
 84 485 383 1
 485 486 383 1
 485 105 486 1
 383 486 4 1
 82 487 440 1
 487 223 440 1
 487 66 223 1
 440 223 65 1
 104 488 302 1
 488 197 302 1
 488 45 197 1
 302 197 46 1
 129 481 359 1
 481 484 359 1
 481 158 484 1
 359 484 128 1
 57 319 222 1
 319 327 222 1
 319 109 327 1
 222 327 64 1
 45 488 408 1
 488 330 408 1
 488 104 330 1
 408 330 114 1
 84 247 485 1
 247 489 485 1
 247 85 489 1
 485 489 105 1
 29 490 218 1
 490 491 218 1
 490 103 491 1
 218 491 63 1
 107 492 494 1
 492 493 494 1
 492 32 493 1
 494 493 160 1
 156 466 495 1
 466 227 495 1
 466 62 227 1
 495 227 67 1
 93 496 294 1
 496 388 294 1
 496 112 388 1
 294 388 36 1
 82 243 487 1
 243 497 487 1
 243 80 497 1
 487 497 66 1
 112 496 338 1
 496 498 338 1
 496 93 498 1
 338 498 117 1
 34 499 500 1
 499 465 500 1
 499 157 465 1
 500 465 72 1
 125 501 352 1
 501 502 352 1
 501 154 502 1
 352 502 126 1
 154 503 505 1
 503 504 505 1
 503 156 504 1
 505 504 152 1
 66 497 258 1
 497 446 258 1
 497 80 446 1
 258 446 38 1
 92 506 507 1
 506 500 507 1
 506 34 500 1
 507 500 72 1
 123 508 510 1
 508 509 510 1
 508 133 509 1
 510 509 144 1
 137 422 512 1
 422 511 512 1
 422 10 511 1
 512 511 140 1
 140 511 513 1
 511 11 513 1
 511 10 11 1
 513 11 12 1
 34 506 180 1
 506 293 180 1
 506 92 293 1
 180 293 36 1
 160 493 514 1
 493 263 514 1
 493 32 263 1
 514 263 30 1
 14 401 13 1
 401 513 13 1
 401 140 513 1
 13 513 12 1
 16 332 17 1
 332 289 17 1
 332 101 289 1
 17 289 18 1
 125 463 501 1
 463 503 501 1
 463 156 503 1
 501 503 154 1
 51 322 516 1
 322 515 516 1
 322 110 515 1
 516 515 48 1
 70 323 517 1
 323 491 517 1
 323 63 491 1
 517 491 103 1
 106 518 519 1
 518 271 519 1
 518 52 271 1
 519 271 92 1
 30 520 514 1
 520 521 514 1
 520 146 521 1
 514 521 160 1
 77 242 476 1
 242 522 476 1
 242 78 522 1
 476 522 141 1
 78 523 522 1
 523 404 522 1
 523 132 404 1
 522 404 141 1
 142 452 524 1
 452 433 524 1
 452 150 433 1
 524 433 148 1
 120 437 483 1
 437 455 483 1
 437 150 455 1
 483 455 128 1
 86 456 298 1
 456 517 298 1
 456 70 517 1
 298 517 103 1
 56 460 525 1
 460 464 525 1
 460 71 464 1
 525 464 157 1
 160 521 527 1
 521 526 527 1
 521 146 526 1
 527 526 98 1
 122 350 415 1
 350 510 415 1
 350 123 510 1
 415 510 144 1
 52 482 205 1
 482 376 205 1
 482 129 376 1
 205 376 54 1
 88 528 252 1
 528 450 252 1
 528 42 450 1
 252 450 89 1
 42 528 529 1
 528 470 529 1
 528 88 470 1
 529 470 149 1
 106 519 311 1
 519 507 311 1
 519 92 507 1
 311 507 72 1
 108 530 531 1
 530 5 531 1
 530 6 5 1
 531 5 4 1
 148 432 429 1
 432 532 429 1
 432 118 532 1
 429 532 147 1
 75 239 533 1
 239 185 533 1
 239 37 185 1
 533 185 10 1
 140 449 512 1
 449 534 512 1
 449 153 534 1
 512 534 137 1
 60 535 225 1
 535 362 225 1
 535 130 362 1
 225 362 65 1
 4 536 531 1
 536 318 531 1
 536 109 318 1
 531 318 108 1
 42 529 537 1
 529 427 537 1
 529 149 427 1
 537 427 147 1
 110 538 515 1
 538 198 515 1
 538 49 198 1
 515 198 48 1
 111 539 366 1
 539 282 366 1
 539 94 282 1
 366 282 99 1
 94 539 540 1
 539 339 540 1
 539 111 339 1
 540 339 117 1
 55 441 541 1
 441 540 541 1
 441 94 540 1
 541 540 117 1
 41 542 543 1
 542 299 543 1
 542 79 299 1
 543 299 103 1
 107 312 492 1
 312 544 492 1
 312 51 544 1
 492 544 32 1
 25 177 200 1
 177 545 200 1
 177 32 545 1
 200 545 48 1
 23 190 166 1
 190 172 166 1
 190 28 172 1
 166 172 22 1
 73 546 310 1
 546 547 310 1
 546 158 547 1
 310 547 106 1
 22 548 164 1
 548 268 164 1
 548 40 268 1
 164 268 24 1
 59 217 549 1
 217 267 549 1
 217 60 267 1
 549 267 76 1
 48 545 516 1
 545 544 516 1
 545 32 544 1
 516 544 51 1
 161 550 551 1
 550 495 551 1
 550 156 495 1
 551 495 67 1
 61 552 554 1
 552 553 554 1
 552 57 553 1
 554 553 162 1
 53 555 273 1
 555 498 273 1
 555 117 498 1
 273 498 93 1
 88 254 475 1
 254 414 475 1
 254 87 414 1
 475 414 77 1
 133 508 406 1
 508 379 406 1
 508 123 379 1
 406 379 127 1
 61 215 552 1
 215 556 552 1
 215 59 556 1
 552 556 57 1
 117 555 541 1
 555 209 541 1
 555 53 209 1
 541 209 55 1
 1 557 304 1
 557 178 304 1
 557 33 178 1
 304 178 24 1
 109 536 328 1
 536 3 328 1
 536 4 3 1
 328 3 2 1
 81 558 365 1
 558 324 365 1
 558 113 324 1
 365 324 111 1
 113 558 439 1
 558 244 439 1
 558 81 244 1
 439 244 82 1
 44 192 559 1
 192 537 559 1
 192 42 537 1
 559 537 147 1
 153 560 561 1
 560 444 561 1
 560 152 444 1
 561 444 136 1
 110 321 562 1
 321 559 562 1
 321 44 559 1
 562 559 147 1
 78 563 565 1
 563 564 565 1
 563 41 564 1
 565 564 134 1
 41 563 542 1
 563 241 542 1
 563 78 241 1
 542 241 79 1
 161 566 567 1
 566 478 567 1
 566 90 478 1
 567 478 152 1
 162 553 568 1
 553 210 568 1
 553 57 210 1
 568 210 56 1
 160 569 494 1
 569 570 494 1
 569 155 570 1
 494 570 107 1
 134 571 572 1
 571 179 572 1
 571 23 179 1
 572 179 33 1
 121 573 389 1
 573 574 389 1
 573 163 574 1
 389 574 138 1
 91 315 479 1
 315 256 479 1
 315 67 256 1
 479 256 68 1
 110 562 575 1
 562 532 575 1
 562 147 532 1
 575 532 118 1
 132 523 371 1
 523 565 371 1
 523 78 565 1
 371 565 134 1
 55 208 443 1
 208 395 443 1
 208 54 395 1
 443 395 124 1
 137 534 387 1
 534 561 387 1
 534 153 561 1
 387 561 136 1
 90 566 314 1
 566 551 314 1
 566 161 551 1
 314 551 67 1
 28 576 170 1
 576 490 170 1
 576 103 490 1
 170 490 29 1
 22 577 548 1
 577 436 548 1
 577 151 436 1
 548 436 40 1
 103 576 543 1
 576 189 543 1
 576 28 189 1
 543 189 41 1
 97 578 287 1
 578 260 287 1
 578 69 260 1
 287 260 89 1
 69 578 261 1
 578 285 261 1
 578 97 285 1
 261 285 47 1
 130 579 581 1
 579 580 581 1
 579 162 580 1
 581 580 157 1
 8 300 9 1
 300 533 9 1
 300 75 533 1
 9 533 10 1
 156 550 504 1
 550 567 504 1
 550 161 567 1
 504 567 152 1
 162 579 554 1
 579 582 554 1
 579 130 582 1
 554 582 61 1
 74 431 583 1
 431 343 583 1
 431 115 343 1
 583 343 14 1
 162 568 580 1
 568 525 580 1
 568 56 525 1
 580 525 157 1
 74 583 235 1
 583 13 235 1
 583 14 13 1
 235 13 12 1
 135 584 585 1
 584 295 585 1
 584 102 295 1
 585 295 49 1
 140 400 447 1
 400 502 447 1
 400 126 502 1
 447 502 154 1
 10 184 11 1
 184 236 11 1
 184 38 236 1
 11 236 12 1
 134 586 372 1
 586 509 372 1
 586 144 509 1
 372 509 133 1
 144 586 417 1
 586 572 417 1
 586 134 572 1
 417 572 33 1
 135 587 584 1
 587 392 584 1
 587 73 392 1
 584 392 102 1
 76 588 549 1
 588 589 549 1
 588 108 589 1
 549 589 59 1
 151 577 590 1
 577 171 590 1
 577 22 171 1
 590 171 29 1
 159 591 592 1
 591 587 592 1
 591 73 587 1
 592 587 135 1
 18 593 17 1
 593 594 17 1
 593 163 594 1
 17 594 16 1
 155 569 454 1
 569 527 454 1
 569 160 527 1
 454 527 98 1
 106 547 518 1
 547 480 518 1
 547 158 480 1
 518 480 52 1
 152 560 505 1
 560 448 505 1
 560 153 448 1
 505 448 154 1
 29 220 590 1
 220 595 590 1
 220 62 595 1
 590 595 151 1
 143 596 413 1
 596 423 413 1
 596 1 423 1
 413 423 131 1
 142 524 403 1
 524 597 403 1
 524 148 597 1
 403 597 141 1
 149 469 428 1
 469 597 428 1
 469 141 597 1
 428 597 148 1
 1 596 557 1
 596 418 557 1
 596 143 418 1
 557 418 33 1
 157 598 581 1
 598 599 581 1
 598 35 599 1
 581 599 130 1
 35 598 182 1
 598 499 182 1
 598 157 499 1
 182 499 34 1
 35 202 599 1
 202 363 599 1
 202 50 363 1
 599 363 130 1
 138 574 457 1
 574 600 457 1
 574 163 600 1
 457 600 39 1
 163 573 594 1
 573 345 594 1
 573 121 345 1
 594 345 16 1
 163 593 600 1
 593 188 600 1
 593 18 188 1
 600 188 39 1
 119 601 602 1
 601 538 602 1
 601 49 538 1
 602 538 110 1
 62 467 595 1
 467 603 595 1
 467 145 603 1
 595 603 151 1
 145 420 603 1
 420 458 603 1
 420 138 458 1
 603 458 151 1
 49 601 585 1
 601 375 585 1
 601 119 375 1
 585 375 135 1
 105 489 604 1
 489 425 604 1
 489 85 425 1
 604 425 146 1
 118 342 575 1
 342 602 575 1
 342 119 602 1
 575 602 110 1
 23 571 191 1
 571 564 191 1
 571 134 564 1
 191 564 41 1
 108 588 530 1
 588 307 530 1
 588 76 307 1
 530 307 6 1
 120 473 374 1
 473 592 374 1
 473 159 592 1
 374 592 135 1
 73 591 546 1
 591 472 546 1
 591 159 472 1
 546 472 158 1
 30 305 520 1
 305 604 520 1
 305 105 604 1
 520 604 146 1
 31 316 306 1
 316 605 306 1
 316 2 605 1
 306 605 105 1
 98 526 303 1
 526 426 303 1
 526 146 426 1
 303 426 104 1
 105 605 486 1
 605 3 486 1
 605 2 3 1
 486 3 4 1
 107 570 313 1
 570 606 313 1
 570 155 606 1
 313 606 43 1
 43 606 283 1
 606 459 283 1
 606 155 459 1
 283 459 100 1
 57 556 320 1
 556 589 320 1
 556 59 589 1
 320 589 108 1
 130 535 582 1
 535 216 582 1
 535 60 216 1
 582 216 61 1