                    0                         0                         0     
                    6                         0                         0     
                    0                         4                        -4     
                    6                         4                        -4     
                    0                        -4                         4     
                    6                        -4                         4     
     0.15638796149564                         0          0.36544093130436     
     0.33517476294646                         0          0.72040107004132     
     0.54842933136403                         0           1.0555671774375     
     0.82095363752339                         0           1.3432662123579     
      1.1860553580352                         0           1.4805331800213     
      1.5496879270718                         0           1.3378601982849     
      1.8255837874743                         0           1.0531264448495     
      2.0499294259575                         0          0.72516670109976     
      2.2519800573513                         0          0.38282098850476     
       2.450949106821                         0         0.038657165752003     
      2.6593377987171                         0         -0.29980952766661     
      2.9336493190588                         0         -0.58042883095364     
      3.2855717748912                         0         -0.44906068828949     
      3.5504890349668                         0         -0.15315148125657     
      3.7906724474589                         0           0.1636004237745     
      4.0256133864383                         0          0.48428805531854     
      4.2676206747407                         0          0.79958111989802     
      4.5602124335162                         0            1.066165262773     
       4.941134565833                         0           1.1369148754748     
      5.2872738808948                         0          0.94934069193401     
      5.5611625057335                         0          0.66204165800976     
      5.7932525582905                         0          0.33947959421277     
                    0          0.39206856131824        -0.019261093311212     
                    0          0.78036128806451        -0.076858878387078     
                    0           1.1611387090178         -0.17223865707116     
                    0           1.5307337294604         -0.30448186995485     
                    0            1.885586947304         -0.47231494260658     
                    0           2.2222809320784         -0.67412155078982     
                    0           2.5375731366546         -0.90795818654905     
                    0           2.8284271247462          -1.1715728752538     
                    0           3.0920418134509          -1.4624268633454     
                    0           3.3258784492102          -1.7777190679216     
                    0           3.5276850573934           -2.114413052696     
                    0           3.6955181300451          -2.4692662705396     
                    0           3.8277613429288          -2.8388612909821     
                    0           3.9231411216129          -3.2196387119355     
                    0           3.9807389066888          -3.6079314386818     
                    6          0.39206856131824        -0.019261093311212     
                    6          0.78036128806451        -0.076858878387078     
                    6           1.1611387090178         -0.17223865707116     
                    6           1.5307337294604         -0.30448186995485     
                    6            1.885586947304         -0.47231494260658     
                    6           2.2222809320784         -0.67412155078982     
                    6           2.5375731366546         -0.90795818654905     
                    6           2.8284271247462          -1.1715728752538     
                    6           3.0920418134509          -1.4624268633454     
                    6           3.3258784492102          -1.7777190679216     
                    6           3.5276850573934           -2.114413052696     
                    6           3.6955181300451          -2.4692662705396     
                    6           3.8277613429288          -2.8388612909821     
                    6           3.9231411216129          -3.2196387119355     
                    6           3.9807389066888          -3.6079314386818     
     0.15638796149564           4.3654409313044                        -4     
     0.33517476294646           4.7204010700413                        -4     
     0.54842933136403           5.0555671774375                        -4     
     0.82095363752339           5.3432662123579                        -4     
      1.1860553580352           5.4805331800213                        -4     
      1.5496879270718           5.3378601982849                        -4     
      1.8255837874743           5.0531264448495                        -4     
      2.0499294259575           4.7251667010998                        -4     
      2.2519800573513           4.3828209885048                        -4     
       2.450949106821            4.038657165752                        -4     
      2.6593377987171           3.7001904723334                        -4     
      2.9336493190588           3.4195711690464                        -4     
      3.2855717748912           3.5509393117105                        -4     
      3.5504890349668           3.8468485187434                        -4     
      3.7906724474589           4.1636004237745                        -4     
      4.0256133864383           4.4842880553185                        -4     
      4.2676206747407            4.799581119898                        -4     
      4.5602124335162            5.066165262773                        -4     
       4.941134565833           5.1369148754748                        -4     
      5.2872738808948            4.949340691934                        -4     
      5.5611625057335           4.6620416580098                        -4     
      5.7932525582905           4.3394795942128                        -4     
                    0         -0.39206856131824         0.019261093311212     
                    0         -0.78036128806451         0.076858878387078     
                    0          -1.1611387090178          0.17223865707116     
                    0          -1.5307337294604          0.30448186995485     
                    0           -1.885586947304          0.47231494260658     
                    0          -2.2222809320784          0.67412155078982     
                    0          -2.5375731366546          0.90795818654905     
                    0          -2.8284271247462           1.1715728752538     
                    0          -3.0920418134509           1.4624268633454     
                    0          -3.3258784492102           1.7777190679216     
                    0          -3.5276850573934            2.114413052696     
                    0          -3.6955181300451           2.4692662705396     
                    0          -3.8277613429288           2.8388612909821     
                    0          -3.9231411216129           3.2196387119355     
                    0          -3.9807389066888           3.6079314386818     
                    6         -0.39206856131824         0.019261093311212     
                    6         -0.78036128806451         0.076858878387078     
                    6          -1.1611387090178          0.17223865707116     
                    6          -1.5307337294604          0.30448186995485     
                    6           -1.885586947304          0.47231494260658     
                    6          -2.2222809320784          0.67412155078982     
                    6          -2.5375731366546          0.90795818654905     
                    6          -2.8284271247462           1.1715728752538     
                    6          -3.0920418134509           1.4624268633454     
                    6          -3.3258784492102           1.7777190679216     
                    6          -3.5276850573934            2.114413052696     
                    6          -3.6955181300451           2.4692662705396     
                    6          -3.8277613429288           2.8388612909821     
                    6          -3.9231411216129           3.2196387119355     
                    6          -3.9807389066888           3.6079314386818     
     0.15638796149564          -3.6345590686956                         4     
     0.33517476294646          -3.2795989299587                         4     
     0.54842933136403          -2.9444328225625                         4     
     0.82095363752339          -2.6567337876421                         4     
      1.1860553580352          -2.5194668199787                         4     
      1.5496879270718          -2.6621398017151                         4     
      1.8255837874743          -2.9468735551505                         4     
      2.0499294259575          -3.2748332989002                         4     
      2.2519800573513          -3.6171790114952                         4     
       2.450949106821           -3.961342834248                         4     
      2.6593377987171          -4.2998095276666                         4     
      2.9336493190588          -4.5804288309536                         4     
      3.2855717748912          -4.4490606882895                         4     
      3.5504890349668          -4.1531514812566                         4     
      3.7906724474589          -3.8363995762255                         4     
      4.0256133864383          -3.5157119446815                         4     
      4.2676206747407           -3.200418880102                         4     
      4.5602124335162           -2.933834737227                         4     
       4.941134565833          -2.8630851245252                         4     
      5.2872738808948           -3.050659308066                         4     
      5.5611625057335          -3.3379583419902                         4     
      5.7932525582905          -3.6605204057872                         4     
      2.7401937590504           3.5743157233542           -3.683020037206     
      1.9339721707576           4.8899220680283          -3.6284080278506     
      2.7671400513936          0.33520466921255         -0.46051139970632     
     0.14552677649079           3.5149091769659          -1.4512956924633     
      5.8266049622104           2.8833309711152         -0.82635111464775     
      2.1433076665985          0.34524665937639          0.55690131555048     
     0.13072974261247           2.5668630327271         -0.53898585306829     
     0.13072974261247           4.0571050467504          -2.5483446022987     
     0.13072974261247           1.4516553977013         0.057105046750356     
      5.8267261015494           1.8332103113022         -0.12400245272504     
      5.8267261015494            3.875997547275          -2.1667896886978     
      5.8078430438923           4.0653911166995          -2.5475907424307     
      5.6494185141163           4.2004026321103          -2.2581361167927     
      5.8258795232107           1.3830547389926         0.059870730558847     
      5.6561675643524           1.7180616897245          0.20026925122458     
      3.6868128882829          0.34263366144257        0.0091711837193183     
      3.6790973883976           3.9987665546284          -3.6560567491911     
     0.99095627767282          0.31400438059124           1.4334521237739     
     0.99527224436991           5.4337957862465          -3.6630149761572     
      5.1207514397753          0.33796108580618           1.0552096649001     
      5.1207514397745           5.0552096649006          -3.6620389141937     
      4.4055336975988           4.9352104280617          -3.6657134344595     
      4.4047495620933          0.33698416282607          0.93429031507615     
     0.44181419920054           0.3436132929446          0.88797639181447     
     0.43191906098387           4.8736674465918          -3.6766444405173     
      2.3621494154834           4.1737321659532          -3.6119745569234     
      1.6910412145222          0.34078895717716           1.1987929794296     
      5.7931241582167           4.2930788139987          -3.3657591373395     
      5.7917385072048          0.55995500771081          0.30553380735651     
     0.15220136053885          0.64829465026762          0.30781563545859     
     0.15136798727265           4.3080115430056          -3.3653725023832     
     0.13072974261248           1.8423311148827         -0.10471813379599     
     0.27813119952814           1.7610211242677          0.26520644490812     
     0.28989635540868           2.1193941177953          0.12416032066936     
     0.44974471427907           2.0491233835675          0.46465399348069     
       0.474044819807           2.3876320591636          0.33563545597577     
     0.66242495896116           2.3277984493166          0.64445829673581     
      0.6946731030044           2.6858714296609          0.48721185068986     
      0.9417525546288           2.5730010949955          0.77048286355235     
     0.98970539468985           2.9198610825057          0.59237564175577     
     0.13655534321183           2.8813564198152          -0.7786874682519     
      1.2937213669661           2.7267224418684          0.73844463005593     
      1.3527929760797           3.0475876822604          0.51730029374707     
      1.6112428114744           2.7701285383569          0.50314949001747     
        1.65269448556           3.0613047468179          0.26322315480104     
      1.8514490512486           2.7597402040202          0.19251392334217     
      1.8815946629885           3.0336599737113        -0.052607386091198     
      2.0494081592736           2.7171020738579         -0.13315154907669     
      2.0730554309639           2.9902299426132         -0.39012728771761     
      2.2239548221178           2.5786961708187          -0.3962456514086     
       2.257810233216           3.0358826710963         -0.85292458747025     
       2.394850316072           2.6161987375504         -0.79766818263185     
      5.8274498873318           3.4467436735978          -1.4516184715362     
      2.2205041510692           2.3368143454788         -0.22787385832485     
       1.582754716946           2.4883382752072          0.69251413610968     
      1.3916907374039           3.3529911767843          0.27558358802926     
     0.13243036502998           3.1332008004012           -1.036373233769     
     0.23792027755741           3.4805057356064          -1.0916993466575     
     0.44968939775938           1.6785705268059          0.61666522385768     
     0.89222942905372           2.2901324319709          0.88191884208156     
      1.8970238751761           3.2983020290519         -0.29961978395212     
     0.69597638703442           3.0299489193252          0.26409076734133     
     0.28032276995873           2.9062414423428         -0.41033509451095     
      0.2849937662484           2.6005885623928         -0.17230202439854     
     0.45174246264718           2.9404138184204         -0.06090148552074     
      0.4313329469277            3.218895978327         -0.32756485223139     
     0.13613041334475           3.9139342554905          -2.1691389107291     
     0.28019022536498            4.278493370629          -2.2610100947894     
     0.29320721374202           4.1284745852242          -1.8753186797294     
     0.45455463542774            4.484406788929          -1.9762816686505     
     0.44415310404405           4.6175714819698          -2.3494240759408     
     0.65282253214919           4.8131081553873          -2.0731758470424     
      0.6702067797727           4.6717226667242          -1.7080029615814     
     0.92048732820408           4.9510324614123          -1.8221468130319     
     0.94783161242963           4.7934013569656          -1.4634343591197     
       1.264378889058           4.9405989991217          -1.6451664920196     
      1.3044408619533           4.7509197400333          -1.3005013590448     
      1.5861141499002           4.7203066384069          -1.5709185841846     
      1.5576620835863           4.9064759858959          -1.9135142717112     
      1.8052445926022           4.6139772380216          -1.8771133231101     
      1.8266010194883           4.4136825126422          -1.5423044465332     
      2.0109320826932           4.2825945404078          -1.8604812292755     
     0.17130590854565           3.7659182795727          -1.7291007490061     
      1.9842853108366           4.4791396012863          -2.1963794728364     
      2.1732413973636           4.1380313048702          -2.1844544325017     
      2.1901142889326           3.9405990103812          -1.8483236662033     
      2.3522218776206           3.7924450924213          -2.1744826623407     
     0.98144127660925            4.611724741646          -1.1172451261495     
     0.34753533525815           4.0628998796088          -1.5538369114459     
      1.3421648637082           4.5367518061356          -0.9747046718657     
      2.3646037642543           3.5891898541617          -1.8429908135318     
      2.5097000030109           3.5328432301006          -2.2578525272686     
     0.65132431868495           4.9433991996952          -2.4430839009967     
      2.5333061154367           3.1829454350782          -1.7469678278364     
      2.6603922165368           3.1796433564764          -2.1106269448656     
      2.1905220828007           3.7308267971953          -1.5034717397072     
       2.490124455856           3.6814398150029          -2.5087257443523     
      2.6747698469722           3.3487862706913          -2.4800428652138     
      2.9621078318445           3.0310177872181          -2.4370306162493     
      2.9857762765496           2.8349630847189          -2.1125654074056     
      3.2840827107583           3.0641097274303          -2.2081671588185     
      3.3075753568553           2.8690813922773          -1.8726979586823     
      5.8267261015503           3.6776475273292          -1.7957029019065     
      3.5176145164841           3.1869089138726          -1.9194493640257     
      3.5450755992613           2.9858994664133          -1.5853753683529     
       5.636742186918           3.7951193104813          -1.4641823484346     
      3.7328352670289           3.3215946913038          -1.6214832360573     
      3.7661547650643            3.117546722542          -1.2906253110022     
      3.5846261767353           2.7651086201786          -1.2636521812448     
      3.8122196869385           2.8967920064878         -0.96865282691586     
      3.6452327297062           2.5388213984384         -0.94945475281971     
      3.7202746726748           3.5195441563319          -1.9590373718005     
      3.8731770494319           2.6664259967904         -0.65705446861277     
      3.7220724250784            2.304665938893         -0.64427762951507     
      3.9518278189658           2.4316640693585         -0.35258919398384     
      3.8138306942702           2.0641654053708         -0.34786455613558     
      3.5785776212878           1.9391016577506         -0.63648840326934     
      3.9809150046707           3.2455331717081         -0.99450990417187     
      3.4049031470684           2.4178117274383          -1.2346796753429     
      2.1396989941036           4.3307568087406          -2.5217639833736     
      3.9281815110964           3.6660577046204          -1.6560266532478     
      3.9217746601663           3.8536575707923          -1.9981687337103     
       4.101762154438           2.7956206616913         -0.36294547457049     
      4.1837320269632           2.5579320330606        -0.062243486267651     
       4.343683140823           2.9158161254628        -0.080833618515585     
      5.8221008940091           2.5189863776661         -0.52137626952416     
      4.4461486954538           2.6698169552089           0.2072642530544     
      5.8241537636506           2.2755540344876         -0.36126125073802     
      4.2840863015144           2.3129259663711          0.22749005952023     
      4.1248136429134           4.0004326683805          -1.6924971023419     
      4.1292179027894           4.1870443109497          -2.0376131748618     
      3.2793799728253           3.2386773239838          -2.5578201212538     
      3.9351403739717           4.0351187877362          -2.3462410856649     
      4.1488362639373           4.3621376471247          -2.3890169229612     
      1.9409484318433           4.6692739128131          -2.5347212182497     
      3.6863403519017           1.6929160383266         -0.35036610020334     
      3.4460315071775           1.5731953715453         -0.62891218863825     
      5.6905173335834           2.8362045380926         -0.51864349276169     
      4.3410454154174           4.3254938521963          -1.7362203247871     
      5.6366679706381            4.025486148192          -1.8483328261742     
      4.3415745854664            4.130091736559          -1.3956932103626     
      1.0056120211068           4.3996529225794         -0.78662159020947     
      4.5802695805901           2.4091811204357          0.46995002683219     
      4.4062664166681           2.0570511414705          0.49926366461415     
      4.7922765262273           2.7071800900509          0.37711203555356     
      1.3715797048337           4.3007599641517          -0.6654751042542     
      1.0391323686692           4.1681061936422         -0.47405187039248     
      5.6368320457233           2.1745916632449         0.012898286892663     
      3.5756632174455           1.3184972320328         -0.35225551157088     
      3.8057109931677           1.4425119747468        -0.072480551552681     
      3.3223514005244           1.2218220031144         -0.62841794188785     
      3.1551947958064           1.4640989686329         -0.87561795788171     
      2.9507759278693            1.170944377575         -0.79366447189625     
      2.7719273441688           1.4784906703546          -0.7728321104576     
      2.6529315222344           1.2262118061373         -0.49879481726966     
      5.4323585153528           4.3390862234187          -1.9224948739892     
      3.9715382516058           4.2116843051222          -2.6903801275478     
      4.1817676893868            4.518824194899          -2.7329608150107     
       4.379943237527           4.6602741794889          -2.4166572190095     
      5.7889287009744            4.222332385019          -2.9702778614825     
      5.6339438323892           4.4880118187979          -3.1483657292538     
      5.4534644145632           2.0160162110194          0.34289493044218     
      4.4370141286222           4.8270315691624          -2.7957140646233     
      5.6482419850566           4.3592412444694          -2.7003832653446     
       2.090615126216           4.5207727377235          -2.8754971279494     
      1.8846397251949           4.8462338026889          -2.8787802617736     
        5.44190608344           4.6795923240179          -2.9290921246357     
     0.44812652928403           4.7446438463965          -2.7368079907915     
     0.66277910749396           5.0595247479713          -2.8189385543954     
       0.896312922759           5.1985605915333          -2.5579108673828     
      2.5488780456281           1.5779090884299         -0.46198720415782     
      2.4574263658848           1.3123016184857         -0.19220243371757     
      2.9263582927431           1.7306544531754          -1.0471464180073     
      2.3897769999516           2.2950794677762         -0.54969313612291     
      3.4841438617294           2.1809275046526          -0.9307665570004     
      4.6150209856348           4.4402306159411          -1.4993238454202     
      4.6219699692669           4.2299679386768          -1.1521846621006     
      5.8184432514021           3.2061095267368           -1.133641114787     
      3.0298775869528           2.5946287272975          -1.7948614078126     
      2.6657934399673           3.4977447833936          -2.8223580849097     
      3.7483743099456           3.8800797339181          -2.6558117246522     
      5.4304987438602           4.1282523118502          -1.5260865667096     
      1.4115471333585           4.0364617313135         -0.37645064462187     
      1.6508027966826           4.0489176679294         -0.65752805929416     
      1.0964316871469           3.9196668299697         -0.18015253241401     
     0.77562854401013           3.8901819975306         -0.39108525737268     
      2.4702240292304           3.8330298978597          -2.8363494936583     
      4.2640885853576           3.1507265673669         -0.38493031532329     
      4.5474548766174           3.2508039079182         -0.12465304871266     
      5.6326424205202           3.2344155054825         -0.77169009856205     
      4.4585606323357            3.488780517571         -0.42768871557907     
      4.8194999701512            3.525803229594         -0.24845596939028     
      4.9079618765276            3.246171088162        -0.010847327737369     
       4.008713969552           4.3533435395629           -3.024527328792     
     0.13216479103035           4.1808457894996           -2.943843800133     
      4.3605637519931           3.9271975413519          -1.0655881013086     
      1.7115534264612           4.9829578389899            -2.55520559503     
      1.6338711705471           5.1523466726929          -2.9100324180447     
      4.5635473322201           4.5721262723164          -1.8132174317431     
      5.4311284089934           4.5302572824061          -2.3773326372084     
     0.93266411405941           5.3067943866321          -2.9207180054545     
      4.7077632934306           3.7756698400039         -0.52537428004755     
      5.6319365442948           3.5513015280991          -1.1224484494071     
      5.4327616214475           3.5838436166803         -0.79131892773688     
      2.3434438360008           1.6709052209594         -0.12036127029903     
      2.2632195594012           1.4082348430306          0.12984671127388     
      2.1548203866366           1.7740659359635          0.19026158085993     
      2.0726356631133           1.5020671988315          0.44104807009632     
      2.3676712683637           1.0297482603224         0.053408100108841     
      2.5512126861767          0.33937508228639         -0.14481596008827     
      1.2316936303825           5.0975957171221          -1.9948800273462     
      3.4657204626016          0.95776283105676          -0.3813946344531     
      3.1370343924912          0.32349726151173         -0.57508651790858     
      1.9531543331783           1.8719917532108          0.50202239796983     
      1.8529489270867           1.5955228895944          0.75684853259102     
      1.9666292201538           1.2364536545822          0.69543358060864     
      1.7282508843745           1.3337514226907          0.99488581875577     
      1.5902610696224           1.6803397880958           1.0320092951717     
      1.4288854175181           1.3878109666251           1.2347584281991     
      5.6434769996095           2.5318130791997         -0.21310283507534     
       5.138387389078           4.8586043621575          -2.5997751869662     
     0.70097303128768           4.2985866255593          -1.0102013080736     
      5.4233244020828            4.808687380499          -3.6650023557607     
      1.5991645687198          0.97445527701949           1.2071459733948     
      1.2197418416329           1.0612615170886           1.3751552066048     
      1.0360912013673           1.4091902510518           1.2734751548506     
     0.84452783843632           1.0564053909075            1.255592144314     
      5.4310416422521           2.5207036912084         0.099173117006566     
      5.3718820102244           2.8603915461516        -0.055532000323808     
      5.4149721972306           3.1583971593421          -0.3469986346802     
      4.1490172906126           1.9438934004134          0.22457220294686     
      4.2708375546486           1.6880500262505          0.49699091788091     
      4.5579422609364           1.7868086600808          0.73913176501057     
      5.8185212904262           1.0734924355486             0.16433908146     
      4.4171737353193            1.423456369781          0.74851803436813     
      4.7630507246976           1.5012782507457          0.91905593382842     
      5.6677773338544          0.87320925575837          0.43701512450879     
      4.6079033091152           1.1712795557325          0.95596070561765     
      4.3083580891213           1.0497970937289          0.73139778724429     
      4.9906888579668           1.1869068678171          0.98428713760272     
      5.6593751642606           1.3912854009235           0.3149192811436     
      5.1225988161637           1.4652473165656          0.84890807602819     
      2.5619725077801           2.2273132941178         -0.85664310797387     
      2.5879550307993           2.5501303998275          -1.1686248465904     
       2.757870223091           2.2596364814511           -1.240782318672     
     0.71027013528982           1.3688490406738           1.0637471987421     
     0.13942353069715           1.0501859425957          0.19893471922521     
     0.58590157635246           1.0390937393738          0.99762089783649     
      0.8004137012127           3.6008953167562        -0.074247751215697     
     0.69324210661602           5.1655406966908          -3.1933648869405     
      5.1560175376458           4.6542540119963          -2.0515225981761     
      4.8992438187175           4.8425297874016          -2.2640148061594     
     0.69844836081249          0.72860476585539           1.1825492665674     
      4.8087593487271          0.89706251794278           1.0690945893687     
      5.1598677791985            0.892384386883          0.96366809500866     
      1.4377913719942           3.7678486592386          -0.1165752621996     
      5.1970095043178           4.4232145082181          -1.6288182793519     
      2.6357144574663          0.64925451858104         -0.32111942187419     
      2.0035752918166           2.1458299037675          0.29230606198666     
     0.25551661177355          0.94864911639399          0.47102086389184     
      2.5897006659899           3.7080901489462          -3.1347523653796     
      2.4149411331977           4.0186468787974          -3.1848676630573     
      2.8130698397038           3.3984787021601            -3.14150006136     
      3.1233789002434            3.420607478099          -3.7064921674082     
       1.380006171517          0.71345881866399           1.3915614903368     
      4.9669146832686           2.3775947599723          0.54646393363583     
      5.3015359651318            1.222028489257          0.78353882524017     
      5.4052041036368           3.8985814123436          -1.1332327480612     
      5.1632867467569           4.1994544977584          -1.2112456462114     
      5.1824146106163           3.8997163192331         -0.82520533922944     
      5.1165447335256           3.6805027692512         -0.51475176554339     
      2.9062253289147          0.59417757226374         -0.61921783100716     
       5.262038314841           4.9235436250711          -3.3214407651627     
      4.9218429052824           5.0974316978883          -3.3340133064249     
     0.86127023165538           1.6900118223398           1.0996430260113     
      2.0238540687617           4.7071728260934          -3.2476972571504     
     0.29807148149366           4.5492817387063          -3.0265333084022     
      5.0750119817714           4.9855905098602          -2.9733966908381     
      4.8085690440338           4.9730229991117          -2.6698221335905     
       3.274538884185           2.1397469532355          -1.1787683735849     
      2.5482856281532           3.8357647135528          -3.4506444621824     
     0.16416366056654           2.2435314533499         -0.23557363733933     
      1.4401350313707           5.2261377176049          -2.6030613967185     
      2.6317584690403           1.8476537730749         -0.74621228342827     
      2.4159490758198            1.915444267539         -0.37635535075961     
     0.30199949035893           1.2985199280692           0.4750299840547     
      2.7458824912876           2.8322638387793          -1.8084114394597     
      2.5357233689236             3.04112299717          -1.5653283397189     
      2.3762280777657           3.3234061327845          -1.4856880996648     
      2.1919811431806           3.5030527376805          -1.1968281600303     
      2.0186831981919           3.8667665207916          -1.1982841071553     
      2.0101024899356           3.6288803309194         -0.87560492188256     
       2.396452034994            3.051685305389          -1.2136462336637     
     0.48185141629821           4.3495794403288          -1.6135034460067     
      5.3936776316576           1.5825728781899          0.58543188178022     
      5.1610815036912            2.041146194182           0.6108961218407     
     0.29279271053483           3.2454867649377         -0.68064321166912     
     0.43430807003957           3.5991496764965         -0.69236632028264     
     0.48504909917325           3.9165757434816         -0.94684817656405     
     0.30630501226309           3.8284098212334          -1.3297706437908     
     0.48708884251909           4.1685069815526          -1.2954107804547     
      3.1052064053646            2.321075490091            -1.48152754223     
      2.2341974235176           4.3511361280394          -3.2599995153416     
     0.24953909361471            4.547210407415          -3.6755538061944     
     0.24763612212204          0.34410957523052          0.54198679270424     
      3.4179964949682           3.6732587777716          -3.6711452705002     
      3.5761565580161           3.8188455613921           -3.317524950193     
      3.4179964949781          0.32885472950647         -0.32674122221775     
      5.6695277538896          0.31089858043535           0.5090000164235     
      2.3518780487577          0.33984125760931          0.19579308275233     
      2.2223537679609          0.74965851895303          0.37027197939034     
      2.0127314706917          0.67934728819324          0.73598983925214     
      1.9298909988136            0.348091804618           0.8976184497715     
      1.8098988802588          0.69548433969246            1.025182392833     
      2.9531438369974           3.1932412494102          -2.7958502205054     
      3.3105970192024           3.4080164614294          -2.9214155331222     
      3.5243803720426           3.5507294406267          -2.6067852430378     
      3.7250664039282           3.7053624234153          -2.3043008112428     
      3.5067828599922           3.3735142360921          -2.2669447313137     
      2.1460134273148           4.5497642140595          -3.6229956165148     
      1.7976176379063           5.0354846469142          -3.2680328502986     
      1.5113851841921           5.3127401821191          -3.2478821505986     
      1.3853533554039           5.4262025680684          -3.6689640288052     
      3.8364684791487           4.1695063659151          -3.3115349946136     
      3.9189735753022           4.3253049440189          -3.6587083986692     
      4.1562112649357           4.6483176916015          -3.6728578318719     
      4.2900024641235           4.7857352477858            -3.38048005804     
       1.376121611762          0.37018989296856           1.4275651535973     
      3.3094005904849           3.5104411604707          -3.3318380415166     
      3.3098368945459           1.8676543204674          -0.9529484668817     
      2.0222592603503            4.074326890655          -1.5206068075489     
     0.68651995304435           4.5019130760861          -1.3555973938571     
      3.3483111320268           2.6523052457181          -1.5474826314705     
      2.7011301541692           2.6380241309312          -1.4915678606875     
      3.9135566762355          0.34027992453882          0.31795187438013     
      3.8196393406983          0.68255463733233          0.14722162832858     
       4.047545459084          0.67245528651506          0.46370203539711     
      3.9685910000926           1.0166071883966          0.28770505915491     
       3.748709420028           1.0675140876971        -0.034399298890484     
      2.3161675195271           4.0014309241051          -2.5052969022987     
       5.414360508421          0.31927219116338          0.81913789607644     
      2.5425705084383          0.97035886843275         -0.23883499407103     
       4.035541775704           3.0259963325551         -0.67233387238096     
      3.9482365196325           3.4659846191495          -1.3240823358768     
      4.0452177922118           2.1939215930849         -0.05854790636713     
      0.6750572460036          0.35379751148079           1.1968925361078     
     0.68100822917653           5.1996626266332          -3.5965783260656     
      5.6697929781157           4.5072983656231          -3.6703235917572     
     0.28195006249881           4.4169823808346          -2.6395086511369     
      1.8350419092896           4.2102911376671          -1.2279968541035     
       2.073852873066           3.2792426324572         -0.65232111372671     
      2.1765506503424           1.1311612634522          0.36905537592364     
      4.1350332120903           3.8020818383603          -1.3546120260055     
      2.2826421539805           4.1741253895104          -2.8499398297258     
     0.49958803815796           1.3494526315521          0.80127533478555     
       1.680723245642           3.3341646223994         0.017210023791573     
      1.7716482139454           4.7974917333209           -2.211767032634     
      4.2018061055062           3.3742063687215         -0.70131346288809     
      4.1601607641933           3.5921175738574          -1.0236132744021     
      4.3949665434359           3.7134812960831         -0.74743166209813     
      3.9179133047106           1.8166055752592        -0.061459167791876     
      1.7232565682652           1.9354182500444          0.79990770750758     
      1.4203100201294           2.0005547251582           1.0372626491388     
       1.257724023217           2.3560362265117          0.94128287182472     
      1.7874980390507           2.1966618895415          0.60360576623877     
      4.1505426912811          0.34152808867789          0.63980569546029     
     0.48136961334327           4.8752122810659          -3.0838112989385     
       4.346776258913           4.4920772839129          -2.0725896847723     
       4.656340023066           2.9986799578846          0.14259803217736     
      5.0250777545177           2.9637006748292          0.16477380749197     
      4.1527917370788           1.2948093967043          0.47162974614734     
      1.6873139828478           5.2008306692492          -3.6322008169319     
      4.0398712995683            1.589503132748          0.21383568072641     
     0.67918210978109           1.9650237447943          0.82883310030959     
       4.742109294785           2.1129968102012          0.68486570639508     
      1.2429545399293            1.718854838879           1.1996783591075     
       5.159367894702           3.3779322330555         -0.25472392011832     
      1.6856910153962           3.7852128289955         -0.41202502174427     
      4.2839232532632          0.71994584830449          0.76457320990252     
       4.741169307498            5.129133525716          -3.6794299025232     
      1.6042882637003           4.5189009904415          -1.2438590280132     
     0.71823473005982           4.1012915780089         -0.71705788984269     
      1.6273474873233           4.2938240288381         -0.94035776457248     
      3.5608071930437            3.717963215227          -2.9630512623757     
      1.0392628054277           3.2514318810388           0.3856626603985     
     0.81739402823477           3.3443735217261          0.16370190746468     
       1.131726297427           3.6050940167815          0.12463051504009     
     0.89734094943373           5.0821856005978          -2.1881680512333     
      2.4367719298073          0.66361223571643        0.0083848609609221     
      3.2828464360308          0.63322524223278         -0.50852437908375     
      2.2188417491113           2.0319237739612        -0.052033835893915     
      4.6344351105314           3.9955852769226         -0.82263711299675     
       1.518790105369           5.0681557302939          -2.2537473670226     
     0.95737911078592           5.3804774894073           -3.284811919085     
      3.5919297969079          0.66781636015279         -0.15807174005882     
      1.3039901747591           5.3694561462245          -2.9857227604956     
      4.7204039112241          0.32076980283943           1.1244338454173     
     0.99951380097451          0.67134964574495           1.4043447360493     
      1.1891032063836           5.2280165155295           -2.355746361435     
      4.7088148663756           5.0350377035714          -3.0100159106908     
      4.5625550813754           5.0252826569704           -3.346648279864     
      3.7972903729784           4.0433085295917          -2.9693715339323     
     0.48723120372212          0.69638726894141          0.92020181678905     
      5.5409415702741          0.60234022060321          0.64803886755712     
     0.58074390489341           3.5617294434033         -0.35265785664856     
      4.9441405241751            4.164546467044         -0.99373807984173     
      5.1588107351577           2.6631078383172          0.28356183603838     
      5.3234251393342           2.3180855504269          0.33724893813094     
       5.503076761695           4.6871540223878          -3.3502616850288     
     0.34313162555441           4.6920181504724          -3.3661814977143     
      4.5584864874798          0.63475575941512           1.0251866372068     
      1.8856968507662           3.5593336293658         -0.52729323058525     
      2.2017110257332            3.279554819243         -0.96300337314093     
       2.020749107197           2.4442994191956         0.098259441009982     
      4.9282169660355            4.412829538052          -1.3652140056116     
      4.0618904513936           4.4869646674112          -3.3520368946132     
     0.47041670730928           2.6787167843421          0.15558555329036     
      1.8395869258694           3.9982465385639         -0.93980834618345     
      1.8554522856268          0.99881599593816          0.91346695923395     
      4.8964768440958           1.7871935966364          0.82425108853275     
     0.62481824520107           1.6399633172903           0.8841871776442     
      5.2152924527639           4.7323730718418          -2.3683962155209     
      1.0691205567893           2.0183262293061            1.081294788844     
      5.4033261030344           4.6350350963122          -2.6027405568449     
      4.9346383928529           4.6384171854284          -1.7893163827031     
       2.738312131969           2.0048545729924          -1.0210798084052     
      2.7637449160021          0.90827072194748         -0.55848825469157     
       4.222910308279            4.649967030193          -3.0536921757785     
      2.9318408549347           3.3731901398242           -3.434232629999     
      2.7026996017359           3.5844218260189          -3.3774706383534     
     0.11438905794238          0.29353288149642           0.2622262852875     
     0.31093944556008          0.69668627644662          0.62403757706201     
     0.11438905794231           4.2622262852873          -3.7064671185037     
       1.808894709857           2.4986705466309          0.41651650066344     
      5.8476832453547           4.2445327782167          -3.7078330484628     
      5.8511132274729          0.27872244479861          0.23996436344646     
      4.5917101684443           4.7190095358939          -2.1081152846439     
      2.3999948791037           2.8315238923507         -0.99858408008876     
      3.1541780499568          0.91397644758317         -0.67346435967989     
      5.3425680546852           3.4369685274771         -0.50706275928366     
     0.60958553868807           3.2687570261733        -0.041205838327287     
      5.1864195987023           3.1392436510957        -0.075051156746459     
     0.51769013857011           4.9744654472304          -3.3780203153181     
      5.4156673328627          0.89165532561115          0.74529946421066     
        4.93127714471          0.60079652355535           1.1037296335915     
      1.2740275563865           5.4369539459333          -3.3880582984199     
      3.9296547403563           1.2887600660562          0.15822396327057     
      2.9979661507362            1.972611902712          -1.2250662647242     
      4.4462656172981           4.8987605220548          -3.0877861050759     
      5.1911741456723           4.0477839439742          -1.0262675515365     
      5.2724686657845          0.58166863367955          0.92742139022028     
      1.7050317988732           3.5476167803824         -0.20468060628866     
      4.6116838879369           4.8522038787262          -2.4480326522158     
       5.537592413601           1.1667890058933          0.54354529199005     
       2.064573441067          0.96513544396679          0.60125045861864     
     0.32612994129079           2.4068648189841         0.041680250226746     
      1.6132965692875          0.62828656607253           1.2476572173792     
      1.1523698303809           5.3193931219379          -2.6840752384761     
      4.8985516031306           3.9517024645515         -0.70625854575678     
     0.40877522457207            1.030646688249          0.73610944551562     
      2.5521388818338           3.8612219365688          -3.7616368709699     
      4.1281127170354          0.95104882749068           0.5237366046299     
      1.8243530382654           3.8126168699319          -0.6812619521416     
      4.4715524659062          0.89635566811309          0.92291979318965     
      1.4754854366308           3.5343261377912         0.068322026901037     
      3.0910403101715           3.3171511115033          -3.1702318697156     
     0.59539821968209            3.840466586918         -0.61937055029825     
      1.5738346565309           2.1950831338768          0.84470163914728     
     0.42365800357087           3.4041611287876          -0.5157760049561     
      2.4955188933598           2.0564129590045         -0.61240945651113     
      2.7849021534154         -0.31088879562629         -0.45419017929355     
      1.7137667524436         -0.30479150691875           1.2023468716062     
      2.7843264453263          -4.4520127995477           3.6678545562393     
      1.7067426327794          -2.7859929609545           3.6602180538511     
      5.8405778416896          -2.5527349230968           1.2746667810929     
      3.4253289584729          -4.2871641456542            3.622765180429     
        3.41699576791         -0.33463425900575         -0.30017981008631     
      4.1469695209428         -0.39457057705826          0.67094667385513     
      2.3595149067356         -0.34029599992176          0.21154845971746     
      2.3580071499915          -3.7854785133586           3.6558389032927     
     0.12473199852422          -2.4928213736481           1.2598459666334     
      4.1261063047278           -3.360427058141            3.636338667142     
      5.8140354432918          -2.9690685845651           1.8046576174195     
      5.8222797420253          -1.9049487119432          0.82178508231659     
     0.12844894144997          -3.1825482981981           2.1205071154323     
      4.7437747040372          -2.8411597611722           3.6693238606167     
     0.12864590401182          -1.5763975580548          0.65742179409021     
      4.7549819958955         -0.30876109768696           1.1584551938877     
     0.98333286109316          -2.5417802179871           3.6900180777608     
      0.9697367905752         -0.34375305767227           1.4566225239936     
       5.851170584045          -3.3780778182969           2.3695370785064     
      5.8255137413193          -1.2497970860307          0.50637861056557     
       0.131194878458           -3.467298519645           2.7375644499864     
      5.4400915417723           -3.179176405361            3.658350820047     
     0.42787437090064         -0.34321652852249          0.89684582103709     
      5.4767909683668         -0.33357474322289          0.77932433561638     
     0.43012393693279          -3.0961606211133           3.6275665891348     
      5.8222797420693          -3.5943394724565           3.0996648316487     
     0.13437082917519         -0.89487516631366          0.42745807753737     
       5.826751201834         -0.54688915783331          0.32812278538155     
     0.12725894117708          -3.6586257474977           3.4566634731493     
      5.7753322959085          -3.6072551194883            3.565732654503     
      0.1697287389532         -0.43395125775254           0.4204545123216     
      5.6064025688976            -3.32877430291           3.3299372026828     
      5.3366484973372          -3.0124681409314           3.2936005545627     
      5.6488544173761          -3.2837029399278           2.9353399642772     
       5.384881757096          -2.9346557755537           2.8821399089718     
      5.1496058719175          -2.9311122277657            3.663261446853     
      4.9394502757265          -2.7863684566012           3.3432522951572     
      4.5580552292486          -2.8564790401406           3.3250145166287     
      4.7321111365642          -2.6901804454825           3.0209939271465     
      4.3993411362837          -2.8802420789135           2.9686725213995     
      4.5367459983531           -2.641916419576           2.6904997305745     
       4.254816360699          -2.8982007130462           2.6067820983142     
      4.3548844179104          -2.6264940889519           2.3468728067981     
      4.1115041287555          -2.9120706770536           2.2458676811791     
       4.171965365334          -2.6449504319667           1.9940154551605     
      3.9506922913388          -2.9367480690437           1.8870510312619     
      4.0064436354001          -2.6451541933644           1.6446892784076     
      3.8009298201864          -2.9220435165742           1.5356862799616     
      3.8466713763271          -2.6176007342686           1.3006322423023     
      3.6295140846081          -2.9177884191147           1.1887046295589     
      3.5580478158224          -3.3082212643077           1.5049405395469     
      4.0172594097846          -3.1965660003561           2.5092898510787     
       3.449407833177          -3.1884985404904           1.1509060474589     
      3.6758930050607          -2.5003956766814           0.8897142261937     
       3.507645327361          -2.8607520222128          0.91630972216519     
      3.1800929866492          -3.1772783302453           0.7657066567995     
      3.2260304616706          -2.8713429564678          0.53483761798218     
     0.12648432225641          -1.9279507132082           0.8414286155118     
      2.8698580566876          -3.0145230023771          0.59979788415897     
      2.8240558463224          -3.2636379618301          0.89390543811165     
      5.8222797420851          -1.5842563256757          0.65037143053606     
      2.9185834580201          -2.7355663310408          0.33448635085306     
      2.6652235374674          -2.6828866901642          0.62876628065785     
      5.6313141775362          -1.6220166530812          0.97958550964716     
      2.7084008033176          -2.4094096146505          0.35453914082746     
      2.9693527699533          -2.3382820403182         0.048607143147985     
      2.7293050310734          -2.1027445763971          0.13765566160587     
      2.5467974345402          -2.0491428694046          0.42267877924911     
      3.1690310048367          -2.0152341618318        -0.069415987014108     
     0.28005237894625          -1.6212460709455           1.0320742353248     
     0.26106790695779          -1.9717480593542           1.2073611183024     
     0.44011425112822          -1.6722264562246           1.3865715905343     
      4.0582257536805          -2.3716945791671           1.4650339079345     
      2.6164694078265          -1.7733532514802          0.15464080992226     
      2.4184388077673          -1.6970277098585          0.48242355836205     
      2.3639072034785          -1.9815470509056          0.74429814128754     
      2.2304660516541          -1.6241121291917           0.8096780599139     
      2.1790995763549           -1.905974169645           1.0748965383676     
      5.6271597100022          -1.3098700325326          0.83769400248745     
      5.4195959297954          -1.3582629591453           1.1293708878685     
      4.4215472086733          -2.3458652389932           2.0684506519617     
      2.0352171236776          -1.5486926499299           1.1413757439942     
      1.9859192239755          -1.8296848867754           1.4066029950205     
      2.1447315622561          -2.1808486072169           1.3493985029758     
      1.9571300325896          -2.1037378754806           1.6821154962249     
      2.1298731390683          -2.4493337429624            1.631428343659     
      1.9507868827712          -2.3685144278291           1.9679277822587     
      2.1341611826319          -2.7091860448976           1.9217312805343     
      1.8066004694137          -1.4525816630791           1.4637371500108     
      1.7478548156467          -2.0377217146957           2.0042494017008     
      1.7536293151726          -2.2958963734246           2.2964135625334     
      2.3309866537052          -2.8358764487657            1.539908448589     
      2.3188926532844           -3.062367043228            1.864814144158     
      2.1606884988968          -2.9656068543861           2.2182518450295     
       2.343821302736          -3.3037807592138           2.1705326431861     
       2.199858936373           -3.201780658231           2.5206157710402     
      2.3883614538675          -3.5391203055666           2.4751473473414     
      2.5110245464356          -3.5750130172906            2.069015214029     
       2.573942302675           -3.892682711702           2.5131941739115     
      2.6831452624988           -3.917464990345           2.1450049814682     
      5.4314235871493          -1.7033261494686            1.304929842471     
      4.9156907915903          -2.5496229163405           2.7082504124985     
      5.1723526683454          -1.4545388886433           1.4165936521663     
      2.1145405521747          -1.2878997214828          0.87346311552833     
     0.45088914954983          -1.3166844812238           1.2092282439404     
     0.65168448187422          -1.3834154024898           1.5463051949077     
     0.62047253375868          -1.7282238844389           1.7300092711832     
      1.5024838002128           -2.003808451574           2.2993007838555     
      1.5219780859025          -2.2440568662492           2.6061731766813     
      1.1899814307939          -2.0508664084453           2.5364479152966     
      2.4900106989555          -1.4133068937263          0.22830506229935     
      2.6926473024414          -1.4853266461413        -0.086348103478988     
      5.2056598425052          -1.7939433804233           1.6112585726593     
      4.8714910305741          -1.5999711817941           1.6381078024758     
     0.87257743768424          -1.4666733883466           1.8289044347295     
      3.3300300620479          -2.1936066254468          0.17865074161893     
      4.8204842852484           -1.265183363929           1.4443954945534     
      3.4199901745728          -1.8754792231754          0.11967768047251     
      3.2203015014668          -1.7171255976106         -0.16460113876926     
      3.4759730112896          -1.5265968758873         0.039426780050877     
      3.6487141379038          -1.6921640890813          0.34620396332692     
      3.2830852881335          -1.4828353237014         -0.19710596040493     
      3.4936807156118          -1.1702193879325        -0.057943754763697     
      4.5232875995252          -1.5279939489799           1.4675772680394     
      4.4766466045698          -1.2007413548241           1.2594022014638     
      4.2633086576705          -1.5172025107802           1.1762549262026     
      4.2090250014757          -1.2270819265316           0.9666831230428     
      2.2589740181275          -3.4344001600947           2.8266702624882     
      2.0649641864286          -3.1001048347736           2.8710892494878     
      2.5759170432956          -1.1239686779292        -0.015828158096826     
      2.8028052520165          -1.1912683947668         -0.32317739568647     
       1.242049291957          -2.2578084440097           2.8729757901456     
     0.88830607205877          -2.2525045754666           2.6814762767285     
      1.6041482974677          -2.4844908183893           2.9257484098413     
     0.91916033165811          -1.1226154478476           1.6638594538954     
      2.3816338642749          -1.0343384713297          0.29984402804761     
      2.4728738430333          -3.2039300107283           1.6073604464294     
      2.1417747301871          -3.3273416578857           3.1777519362765     
      0.8479951576158          -2.0542359377586           2.3468390825866     
     0.62437785461606            -2.36766843692           2.4165537493001     
     0.64155505354836          -2.5446078623215           2.7653193417085     
      3.3101447272966         -0.93606530302379         -0.32569468110221     
      3.1553589314829         -0.30813596648258         -0.53904259711703     
      4.9498201072966          -1.8958939185387           1.8519452495148     
      5.2667376903785          -2.1152704499511           1.8253792627901     
      5.0445550225296          -2.1656766797009           2.0770742595722     
       5.341555799689          -2.4178562464737           2.0619553116007     
      5.4350473484663          -1.0078903182734          0.97121988965105     
      2.4662376103088          -2.8150312839685           1.1759442355952     
      4.0417647917491          -1.5208001906858           0.8545887173388     
      3.9843666711012          -1.2387689375762          0.64979671433991     
     0.93552357939142          -2.4152738568364           3.0841951874124     
      0.6488925171542          -2.6843800918172           3.1360967426792     
     0.44668477542206          -2.8733570930093           2.8570531916056     
      1.5122965218248          -1.7427702189397           2.0237600141146     
      4.3835638052527         -0.89078329538406           1.0573351617114     
      1.2219741463531          -1.2606450092603            1.816520631896     
      1.2624079519142         -0.93544570831713           1.6529918987135     
     0.58491624880684          -2.1699141659338           2.0809849825813     
     0.41511898007275          -2.5204045996133           2.1227787300607     
      4.0741165647647           -1.826178233416           1.0730164479214     
     0.37403455355325          -2.3159824693534           1.7753593129048     
     0.67126447836527          -2.7763897815527           3.6764753666084     
     0.25013417194983          -2.6610253870803           1.8198831652871     
      2.3354229323526          -3.6682092585029           3.1655316009613     
      2.5620218889402          -4.1338750764008           3.6628782687158     
      2.6873194521751          -4.2883119910368           3.3295810994608     
      3.8736900722807          -2.3036364972779           1.0750391697705     
      3.6932315223066          -2.2454268235949          0.72884811597976     
      5.5040385999931          -2.3736317977623           1.7520688767398     
      2.6679247874862         -0.84572240770713         -0.22871008229778     
      2.9634416870433         -0.86837568380977         -0.50716971661378     
      3.5301285600633         -0.69380926136041         -0.12059316767089     
      3.7234494685739         -0.91126534517483          0.17995137142693     
      3.7509738210519         -0.58754834826114          0.15445441552878     
      1.9232171797956          -3.0007883301177           3.3044339727425     
      3.8479991495693          -1.8402895538319           0.7230925826714     
      4.2686799160374          -3.1114795566448           3.2561155637177     
      3.9594171155597         -0.70368674245083          0.46337149452837     
      5.1830549603467           -1.106931173172           1.2420490187622     
      4.7939167476588         -0.89315437910713            1.290187734966     
      5.1889391984381         -0.75757140143872           1.1222810834251     
      2.0546823125242          -3.2536444379239           3.5655102072195     
       4.571996853572          -1.8137790925637           1.7028922184722     
     0.44049498613056          -3.0041532845647           3.2268946932681     
      2.9750526961928          -4.5456225235949           3.3452032014509     
      4.1446675997597          -3.1662235406963           2.8892749729922     
      2.8525466576435          -4.4180239412648           2.9960515062109     
      3.2239375467266          -4.4083594661548           3.0872080853886     
      4.0267339937972          -3.4188890345723           3.1871538252774     
      3.1011578100826          -4.3876306456445           2.6979564441512     
      3.9124963855147          -3.4692932597249           2.8026190944183     
      3.7887704921906          -3.5032650578735           2.4299926123932     
      3.8045732272868          -3.7065938484405           3.0865030448574     
       3.399267740459          -4.1750769545461           2.8408488003981     
      3.2999151149311          -4.1653307801665           2.4752558619444     
      3.4814819313614          -4.1783421905951            3.291359460419     
      2.6241441835568           -4.128873079694           3.0074998117046     
      3.6954654260873          -3.7503093127804           2.7139478559595     
      2.7851273004516          -4.2625421218878           2.6697999871032     
      3.0040604325965          -4.2732930129874           2.3090766119558     
      3.5340921922015          -3.8370991012198           2.3579993009497     
      3.6385653851325          -3.5478731522459           2.0677259350863     
      3.4421624366903          -3.7882956271883           1.9988038559853     
      3.1145983075101          -3.4719316864026           1.0268877579144     
      2.7835970670249          -3.4840486792231           1.2098607604395     
      2.5056923053085          -3.4113128765727           1.8091765408839     
      3.0674767083703          -3.7190096947104           1.3130829333703     
       3.467939417972          -3.5949232692033           1.7252653667359     
      2.7581863715406          -3.6865480748856           1.5363585697073     
      3.0426135254991          -3.9097797560323           1.5891465689332     
      3.7206875465104          -3.2596176084028           1.8029103412185     
      3.8767386593689          -3.6774029779631           3.4451823510312     
      3.8755041754868          -3.2317164627936            2.156177349425     
      1.8523214319742          -2.7762472084791            2.911898483122     
     0.93752474311302         -0.75537321207003           1.5309318713897     
     0.43042871170243          -2.7301232985423           2.4939090027162     
     0.27342005517654          -3.0801295528619           2.5730691832058     
      1.1624114795453           -1.817384881449           2.2546212449705     
     0.78342386373286           -1.820488027673           2.0237532126486     
      1.6868885667746          -2.6873380445442           3.2661310568335     
      1.3468995795212          -2.4263471430756           3.2198074477862     
     0.67266647651669          -1.0074598095627           1.3943238930148     
     0.43763504360417         -0.93611031866422           1.0378490492479     
     0.65204479906544         -0.66900013583277           1.2641984214816     
     0.29493676734034          -1.2218843909045          0.87689725881433     
     0.13145636680265          -1.2086544783761          0.51420566319008     
      1.5472934069644          -1.1925718876274           1.6219686947452     
      1.5622054075384         -0.87034743606322           1.4738484456869     
       5.464548761877           -2.049398935099           1.5109294859571     
      4.6747741650793          -2.4160748138732           2.4340625944016     
      5.0936261998912          -2.4207783165611           2.3689401955998     
      5.4381794249356          -2.7033997039473            2.296359490385     
      4.2927993598291          -1.8137218880939           1.3987566257586     
      4.3068088466513          -2.1222824788138           1.6651226803451     
       2.551965118723         -0.31243334039064         -0.11931103672594     
      3.6649032691736          -3.9904704729961           3.6559644923183     
      4.4265268865703         -0.32670577922889          0.98337165178964     
      4.3953872979176          -3.0428240867991           3.6482656523907     
      1.9462563775351         -0.33613695337289          0.90414870636222     
      1.8672835684921         -0.63199861558466           1.0653108228822     
       2.074482825774          -0.6713255749985          0.75384698373657     
      5.6390908443498          -1.9861480483438           1.1927635079389     
      1.7782377478256          -2.5254002289158           2.5990619992501     
      1.9631518197108          -2.6190551995362           2.2692537369512     
      2.1613630617279         -0.34222457721312          0.55611838574747     
     0.30218908187551         -0.66739533892213           0.7273305287511     
      1.2871883411319         -0.60724725831962           1.5424090013779     
      1.7822002634737          -1.7804767031576           1.7201308869356     
      3.9012028127922         -0.32760576808767          0.32902867195598     
      4.1874670594942         -0.72143864498328          0.78027185642963     
      2.2738059143674         -0.68045757392214          0.40888646198187     
      2.4877697155295         -0.70604857116484         0.038422531143955     
      3.5872288209257          -2.0020664309967          0.41460805770677     
      1.9134945977893          -1.2156681762682           1.1849031972318     
      5.1586244232876         -0.35410883612713           1.0653152597425     
      5.5781430374993          -2.6847608062343           1.9809224970223     
      5.6860555230147           -3.019671873295           2.2238407101197     
      2.3081599395813           -2.528588824198           1.2788561298201     
      2.3241168175132          -2.2617451335202           1.0184917177617     
      2.5024919315917          -2.3326800729506          0.69065595506263     
      1.3918449161888          -2.5375199654715           3.6150959264035     
      2.4415449339112          -3.7563801793275           2.7939630251436     
      2.3027077056349          -1.3430720732993          0.54683670625007     
      2.0104687117495          -2.8720669573643           2.5619251342478     
      2.8609962634606          -1.8745755258758         -0.13205940470596     
      2.9984962280243          -1.5369796133128         -0.33076162480181     
      2.4755417584948           -2.586320109337          0.94432931937109     
      2.6361089358502          -2.9258799469006          0.89704279205605     
       2.496022380197           -3.978107619353           3.3074198224645     
      3.4844399341728          -2.5734531488931           0.6372690350465     
      3.7247055302552          -1.2949384128967          0.29418506467542     
     0.40518636824135          -2.0175426291402           1.5692605500639     
      3.1775444749687           -1.223966562466         -0.36726931617865     
      3.3393596988005          -3.5123858181292           1.3552483619213     
      3.1316181876098          -4.5506022475866           3.6681160900958     
     0.28969792524157          -3.3047899244266           3.3742541752013     
      3.2665365681429           -0.635235396261         -0.42084649624454     
      2.1942135715233           -1.008484113346           0.6303805868052     
      2.0001133904951         -0.95540642793787          0.95034510704843     
      5.5013663961231          -2.9185386018006           2.5340082256531     
     0.28920190971539          -3.1995106735795           2.9594977676999     
      5.8266288462571         -0.90198833266428          0.39906072565455     
      5.6629849551247         -0.63480954129605          0.58726137534678     
      5.8636841176165          -2.8083374466871           1.4833072479052     
      5.2559056868936          -2.6977879348883           2.6315105965064     
      5.0849676559003          -2.7313604566567           2.9827421055452     
      5.6937912812436         -0.30350392136485          0.49893754255723     
       5.834588509398          -2.2560546547769           1.0362904048525     
     0.12798649030522           -3.584587519293           3.0947534097862     
     0.12499927086753           -2.233631689532           1.0455020173258     
      2.2118338232513          -3.5079143194913           3.4700843025734     
      5.8304612769027          -3.5008508794185           2.7473755258751     
      0.1036418586831           -3.395087556101           2.4026163581687     
      3.1969032888968          -4.1195059317617           2.1345470116938     
      3.2624346746018          -2.5658691168822          0.33995252532489     
      3.4806065936628          -2.3165482997315          0.44989921135266     
      3.6893372147619          -3.9157598222682           3.3288840200699     
      4.6504917227237          -2.0498316351733           1.9651843002341     
     0.28428017544305          -2.8427246608633           2.1830197548721     
       2.585847931699          -3.1520584674699           1.2453240063374     
      3.8493212418016          -1.5334305574401          0.57074201324184     
     0.11805545108282          -2.7512882703148           1.4971289737882     
     0.64000925019888         -0.31122361612527           1.1870552536133     
      1.5461438508898          -1.4832152109373           1.7925835834296     
     0.23478637728135          -3.4572833609021           3.6958847969375     
     0.12195807961846           -2.987910680546           1.7997464805417     
      5.4580233465517         -0.68815445005706          0.85747191407849     
      0.8165848972168           -2.588334272572           3.3862876226782     
      5.6542266855844         -0.97198386837327           0.6800691102007     
      3.6376293492729         -0.31546934943074        -0.028830298837225     
      5.8686360741783          -3.2423955787134            2.058974435575     
      3.6061778990436          -3.9528690111865           2.9810071109839     
      3.2680359357346           -4.423053643517           3.3899571029159     
      4.6073239845868         -0.61214430436983            1.157363389458     
      1.3902197973109         -0.27779688460133           1.4492549273394     
      2.9714658196676         -0.56993935679393         -0.55634348236805     
      1.1629043648311          -1.5469612219383           2.0110170549302     
      2.6463217923852           -3.704207047167            1.855162800342     
      2.8593807986146           -3.950361384391           1.7703930250896     
      3.5111990780585          -3.9749404927564             2.63753969704     
      5.6422261003879          -2.2998406199716           1.4377474880558     
      2.6154534836733          -3.3859173407466           1.4595838997072     
      4.1884492756711          -2.4317145254572           1.7716452907756     
      4.9114028476237         -0.58026124694831           1.2020537230777     
      3.2367865895893          -3.7876301123627           1.5858695623488     
     0.47044331676169         -0.61888127420762           1.0074950761076     
      2.5929331007209          -4.0110927565489           2.7631568723821     
     0.25100213801361         -0.98701705504986          0.70637445895514     
     0.25898717692451          -2.2279278655841           1.4017706139339     
      3.9045259806963          -3.6734059345305           3.7634483025785     
     0.22586501005115          -2.4871164708576           1.5536078088059     
      2.7441490917114          -4.1279321301131           2.4293249952214     
      4.0845873138595          -2.0882603135204           1.2716414220746     
      2.1737390561491          -3.4728479626803           3.7468894405486     
      0.5467019066652          -2.0032328107789           1.8388762185736     
      1.5997711056128          -0.5798539923023           1.3599445656646     
      1.7859343639434         -0.90709804379273           1.2484007185048     
      5.6659873109598          -3.1857981604394           2.6110597330459     
      1.9030152002456          -3.0378522619834           3.7120730153614     
      4.7398839696832          -2.2181430140486           2.1928331224778     
      3.9060841979242          -1.0188182891319          0.46500511337448     
      5.6144046066776          -3.3933983488029           3.7071939050337     
      3.1940371723923            -3.98051524247           1.8496013205288     
      2.9380849345889          -4.1344644498668           2.0245484778817     
     0.29342112297607         -0.29191011201688           0.6562420565504     
      5.6864207453098          -2.6284511253225           1.6831067021803     
      2.6798834671511         -0.54881428545783         -0.29486487535334     
      5.8653968435558         -0.25709360203901          0.23500447768271     
      3.9121693466441          -2.0422132928484          0.95002202596436     
     0.10233259586484          -3.7460173171217           3.7391028565442     
      0.5957677878892          -2.8180605989214           3.3910126483081     
      5.4816770406129           -3.110915347913           3.0823695128627     
      1.0957393923406          -2.4578603261089           3.4129061383996     
      1.7361503705603          -1.1289965344735           1.3952010845879     
      2.4728798060025           -3.880795716611            3.035947493101     
       5.875068609272          -3.7818580643912           3.7613385109861     
    0.094315173243265         -0.23863467283548          0.23406349969202     
      4.3397382749699          -0.5919661148182          0.93736628429684     
      4.1146071025925          -0.9741822461547          0.74733291120392     